RemoveBuildingForPlayer(playerid, 11010, -2113.3203, -186.7969, 40.2813, 0.25);
RemoveBuildingForPlayer(playerid, 11012, -2166.8672, -236.5078, 40.8672, 0.25);
RemoveBuildingForPlayer(playerid, 11048, -2113.3203, -186.7969, 40.2813, 0.25);
RemoveBuildingForPlayer(playerid, 11088, -2166.8750, -236.5156, 40.8594, 0.25);
RemoveBuildingForPlayer(playerid, 11091, -2133.5547, -132.7031, 36.1328, 0.25);
RemoveBuildingForPlayer(playerid, 11270, -2166.8672, -236.5078, 40.8672, 0.25);
RemoveBuildingForPlayer(playerid, 11271, -2127.5469, -269.9609, 41.0000, 0.25);
RemoveBuildingForPlayer(playerid, 11282, -2166.8750, -236.5156, 40.8594, 0.25);
RemoveBuildingForPlayer(playerid, 11376, -2144.3516, -132.9609, 38.3359, 0.25);
RemoveBuildingForPlayer(playerid, 11081, -2127.5469, -269.9609, 41.0000, 0.25);
RemoveBuildingForPlayer(playerid, 11011, -2144.3516, -132.9609, 38.3359, 0.25);
RemoveBuildingForPlayer(playerid, 11009, -2128.5391, -142.8438, 39.1406, 0.25);
RemoveBuildingForPlayer(playerid, 11007, -2164.4531, -248.0000, 40.7813, 0.25);
RemoveBuildingForPlayer(playerid, 11085, -2164.4531, -237.6172, 41.4063, 0.25);
RemoveBuildingForPlayer(playerid, 11086, -2164.4531, -237.3906, 43.4219, 0.25);
RemoveBuildingForPlayer(playerid, 11087, -2143.2266, -261.2422, 38.0938, 0.25);
RemoveBuildingForPlayer(playerid, 11089, -2185.5234, -263.9297, 38.7656, 0.25);
RemoveBuildingForPlayer(playerid, 11090, -2158.8203, -266.2344, 36.2266, 0.25);
RemoveBuildingForPlayer(playerid, 1432, -2144.8281, -244.7656, 35.6250, 0.25);
RemoveBuildingForPlayer(playerid, 1438, -2188.6953, -218.3828, 35.5078, 0.25);
RemoveBuildingForPlayer(playerid, 1441, -2184.6484, -226.8750, 36.1641, 0.25);
RemoveBuildingForPlayer(playerid, 1449, -2160.6406, -226.3516, 36.0234, 0.25);
RemoveBuildingForPlayer(playerid, 1450, -2189.4375, -220.4922, 36.0859, 0.25);
RemoveBuildingForPlayer(playerid, 1518, -2147.1797, -241.8750, 36.7422, 0.25);
RemoveBuildingForPlayer(playerid, 918, -2182.4453, -237.6953, 35.8750, 0.25);
RemoveBuildingForPlayer(playerid, 931, -2154.2031, -254.2422, 36.5781, 0.25);
RemoveBuildingForPlayer(playerid, 936, -2139.5078, -244.7813, 35.9922, 0.25);
RemoveBuildingForPlayer(playerid, 937, -2147.2109, -242.0156, 35.9922, 0.25);
RemoveBuildingForPlayer(playerid, 939, -2179.3359, -239.0859, 37.9609, 0.25);
RemoveBuildingForPlayer(playerid, 941, -2175.0547, -248.0469, 35.9922, 0.25);
RemoveBuildingForPlayer(playerid, 942, -2159.0625, -239.0625, 37.9609, 0.25);
RemoveBuildingForPlayer(playerid, 941, -2171.5000, -248.0469, 35.9922, 0.25);
RemoveBuildingForPlayer(playerid, 941, -2167.9688, -248.0469, 35.9922, 0.25);
RemoveBuildingForPlayer(playerid, 941, -2164.3281, -248.0469, 35.9922, 0.25);
RemoveBuildingForPlayer(playerid, 941, -2161.0156, -248.0469, 35.9922, 0.25);
RemoveBuildingForPlayer(playerid, 941, -2157.4453, -248.0469, 35.9922, 0.25);
RemoveBuildingForPlayer(playerid, 920, -2139.6172, -252.0859, 35.9922, 0.25);
RemoveBuildingForPlayer(playerid, 943, -2156.0703, -227.7500, 36.2813, 0.25);
RemoveBuildingForPlayer(playerid, 944, -2188.5234, -236.8047, 36.3984, 0.25);
RemoveBuildingForPlayer(playerid, 942, -2174.8281, -235.5625, 37.9609, 0.25);
RemoveBuildingForPlayer(playerid, 944, -2153.7969, -229.0391, 36.3984, 0.25);
RemoveBuildingForPlayer(playerid, 944, -2146.2656, -238.4063, 36.3984, 0.25);
RemoveBuildingForPlayer(playerid, 942, -2140.3359, -229.1484, 37.9609, 0.25);
RemoveBuildingForPlayer(playerid, 939, -2140.2266, -237.5078, 37.9609, 0.25);
RemoveBuildingForPlayer(playerid, 944, -2171.1016, -235.7031, 36.3984, 0.25);
RemoveBuildingForPlayer(playerid, 944, -2145.1641, -234.1719, 36.3984, 0.25);
RemoveBuildingForPlayer(playerid, 944, -2146.0234, -228.5000, 36.3984, 0.25);
RemoveBuildingForPlayer(playerid, 944, -2149.8750, -229.7188, 36.3984, 0.25);
RemoveBuildingForPlayer(playerid, 942, -2164.2031, -236.0234, 37.9609, 0.25);
RemoveBuildingForPlayer(playerid, 931, -2142.5547, -241.9375, 36.5781, 0.25);
RemoveBuildingForPlayer(playerid, 918, -2153.0859, -256.2734, 35.8750, 0.25);
RemoveBuildingForPlayer(playerid, 944, -2177.5391, -259.8281, 36.3984, 0.25);
RemoveBuildingForPlayer(playerid, 944, -2175.7500, -266.3359, 36.3984, 0.25);
RemoveBuildingForPlayer(playerid, 943, -2150.5078, -266.3594, 36.2813, 0.25);
RemoveBuildingForPlayer(playerid, 945, -2157.1563, -248.0078, 45.1328, 0.25);
RemoveBuildingForPlayer(playerid, 945, -2164.1016, -248.0078, 45.1328, 0.25);
RemoveBuildingForPlayer(playerid, 945, -2167.7813, -248.0078, 45.1328, 0.25);
RemoveBuildingForPlayer(playerid, 945, -2171.2266, -248.0078, 45.1328, 0.25);
RemoveBuildingForPlayer(playerid, 945, -2174.7969, -248.0078, 45.1328, 0.25);
RemoveBuildingForPlayer(playerid, 945, -2160.7031, -248.0078, 45.1328, 0.25);
RemoveBuildingForPlayer(playerid, 1438, -2164.2188, -231.1563, 35.5078, 0.25);
RemoveBuildingForPlayer(playerid, 944, -2146.0625, -251.0078, 36.3984, 0.25);
RemoveBuildingForPlayer(playerid, 944, -2180.3906, -247.4609, 36.3984, 0.25);
RemoveBuildingForPlayer(playerid, 918, -2173.5938, -268.0781, 40.0781, 0.25);
RemoveBuildingForPlayer(playerid, 918, -2148.4922, -230.8047, 35.8750, 0.25);
RemoveBuildingForPlayer(playerid, 918, -2143.4688, -230.3438, 35.8750, 0.25);
RemoveBuildingForPlayer(playerid, 918, -2167.8281, -246.0859, 35.8750, 0.25);
RemoveBuildingForPlayer(playerid, 11103, -2180.7031, -218.0391, 37.9766, 0.25);
RemoveBuildingForPlayer(playerid, 11233, -2164.4531, -255.3906, 38.1250, 0.25);
RemoveBuildingForPlayer(playerid, 11234, -2180.4531, -251.4688, 37.9922, 0.25);
RemoveBuildingForPlayer(playerid, 11235, -2180.4531, -261.2891, 37.9922, 0.25);
RemoveBuildingForPlayer(playerid, 11236, -2164.4531, -255.3906, 38.1250, 0.25);
CreateObject(16327, -2198.04004, -203.98000, 34.30000,   0.00000, 0.00000, 0.00000);
CreateObject(16327, -2197.56006, -276.95999, 34.30000,   0.00000, 0.00000, 0.00000);
CreateObject(11010, -2138.62012, -189.16000, 40.16000,   0.00000, 0.00000, 0.00000);
CreateObject(11010, -2138.61011, -204.14999, 40.16000,   0.00000, 0.00000, 0.00000);
CreateObject(11081, -2101.90991, -269.87000, 40.77000,   356.85999, 0.00000, 90.07000);
CreateObject(18981, -2150.65991, -237.97000, 33.80000,   0.00000, 90.00000, 0.00000);
CreateObject(18981, -2171.71997, -213.02000, 33.80000,   0.00000, 90.00000, 0.00000);
CreateObject(18981, -2196.67993, -213.00999, 33.80000,   0.00000, 90.00000, 0.00000);
CreateObject(18981, -2175.66992, -237.92999, 33.80000,   0.00000, 90.00000, 0.00000);
CreateObject(18981, -2200.62012, -237.88000, 33.80000,   0.00000, 90.00000, 0.00000);
CreateObject(18981, -2150.63989, -262.91000, 33.80000,   0.00000, 90.00000, 0.00000);
CreateObject(18981, -2175.62988, -262.85001, 33.80000,   0.00000, 90.00000, 0.00000);
CreateObject(18981, -2200.57007, -262.73001, 33.80000,   0.00000, 90.00000, 0.00000);
CreateObject(19393, -2177.36011, -221.34000, 35.98000,   0.00000, 0.00000, 0.00000);
CreateObject(19393, -2166.23999, -223.02000, 35.98000,   0.00000, 0.00000, 90.00000);
CreateObject(19437, -2159.40991, -223.78999, 35.98000,   0.00000, 0.00000, 0.00000);
CreateObject(19437, -2159.40991, -224.71001, 35.98000,   0.00000, 0.00000, 0.00000);
CreateObject(19364, -2157.87988, -225.60001, 35.98000,   0.00000, 0.00000, 90.00000);
CreateObject(19456, -2172.62012, -223.02000, 35.98000,   0.00000, 0.00000, 90.00000);
CreateObject(19364, -2163.04004, -223.03999, 35.98000,   0.00000, 0.00000, 90.00000);
CreateObject(19364, -2160.95996, -223.03000, 35.98000,   0.00000, 0.00000, 90.00000);
CreateObject(19393, -2177.37012, -215.00000, 35.98000,   0.00000, 0.00000, 0.00000);
CreateObject(19364, -2177.37012, -211.80000, 35.98000,   0.00000, 0.00000, 0.00000);
CreateObject(19410, -2177.37988, -208.59000, 35.98000,   0.00000, 0.00000, 0.00000);
CreateObject(19364, -2177.37988, -206.20000, 35.98000,   0.00000, 0.00000, 0.00000);
CreateObject(19364, -2178.88989, -204.61000, 35.98000,   0.00000, 0.00000, 90.00000);
CreateObject(19410, -2182.05005, -204.61000, 35.98000,   0.00000, 0.00000, 90.00000);
CreateObject(19364, -2188.38989, -204.61000, 35.98000,   0.00000, 0.00000, 90.00000);
CreateObject(19456, -2190.07007, -209.35001, 35.98000,   0.00000, 0.00000, 0.00000);
CreateObject(19410, -2190.06006, -215.70000, 35.98000,   0.00000, 0.00000, 0.00000);
CreateObject(19456, -2190.07007, -222.10001, 35.98000,   0.00000, 0.00000, 0.00000);
CreateObject(19410, -2190.06006, -228.50000, 35.98000,   0.00000, 0.00000, 0.00000);
CreateObject(19456, -2190.05005, -234.89000, 35.98000,   0.00000, 0.00000, 0.00000);
CreateObject(19410, -2190.05005, -241.30000, 35.98000,   0.00000, 0.00000, 0.00000);
CreateObject(19456, -2190.06006, -247.70000, 35.98000,   0.00000, 0.00000, 0.00000);
CreateObject(19410, -2190.05005, -254.11000, 35.98000,   0.00000, 0.00000, 0.00000);
CreateObject(19456, -2190.07007, -260.48999, 35.98000,   0.00000, 0.00000, 0.00000);
CreateObject(19364, -2190.05005, -268.85999, 35.98000,   0.00000, 0.00000, 0.00000);
CreateObject(19364, -2188.40991, -270.38000, 35.98000,   0.00000, 0.00000, 90.00000);
CreateObject(19410, -2185.21997, -270.38000, 35.98000,   0.00000, 0.00000, 90.00000);
CreateObject(19410, -2182.02002, -270.38000, 35.98000,   0.00000, 0.00000, 90.00000);
CreateObject(19410, -2178.81006, -270.38000, 35.98000,   0.00000, 0.00000, 90.00000);
CreateObject(19410, -2175.60010, -270.39001, 35.98000,   0.00000, 0.00000, 90.00000);
CreateObject(19410, -2172.39990, -270.39001, 35.98000,   0.00000, 0.00000, 90.00000);
CreateObject(19410, -2169.21997, -270.39999, 35.98000,   0.00000, 0.00000, 90.00000);
CreateObject(19410, -2166.02002, -270.39001, 35.98000,   0.00000, 0.00000, 90.00000);
CreateObject(19410, -2162.82007, -270.39001, 35.98000,   0.00000, 0.00000, 90.00000);
CreateObject(19410, -2159.62988, -270.38000, 35.98000,   0.00000, 0.00000, 90.00000);
CreateObject(19364, -2156.42993, -270.38000, 35.98000,   0.00000, 0.00000, 90.00000);
CreateObject(19456, -2150.09009, -270.39001, 35.98000,   0.00000, 0.00000, 90.00000);
CreateObject(19410, -2143.68994, -270.38000, 35.98000,   0.00000, 0.00000, 90.00000);
CreateObject(19364, -2141.16992, -270.38000, 35.98000,   0.00000, 0.00000, 90.00000);
CreateObject(19364, -2139.85010, -270.39001, 35.98000,   0.00000, 0.00000, 90.00000);
CreateObject(19364, -2138.33008, -268.87000, 35.98000,   0.00000, 0.00000, 0.00000);
CreateObject(19410, -2138.32007, -265.70001, 35.98000,   0.00000, 0.00000, 0.00000);
CreateObject(19456, -2138.32007, -259.31000, 35.98000,   0.00000, 0.00000, 0.00000);
CreateObject(19393, -2138.34009, -252.89999, 35.98000,   0.00000, 0.00000, 0.00000);
CreateObject(19364, -2138.32007, -249.70000, 35.98000,   0.00000, 0.00000, 0.00000);
CreateObject(19364, -2138.29004, -246.49001, 35.98000,   0.00000, 0.00000, 0.00000);
CreateObject(19393, -2138.29004, -243.28999, 35.98000,   0.00000, 0.00000, 0.00000);
CreateObject(19456, -2138.29004, -236.89999, 35.98000,   0.00000, 0.00000, 0.00000);
CreateObject(19410, -2138.30005, -230.48000, 35.98000,   0.00000, 0.00000, 0.00000);
CreateObject(19364, -2138.30005, -227.28000, 35.98000,   0.00000, 0.00000, 0.00000);
CreateObject(19364, -2139.83008, -225.60001, 35.98000,   0.00000, 0.00000, 90.00000);
CreateObject(19410, -2143.03003, -225.60001, 35.98000,   0.00000, 0.00000, 90.00000);
CreateObject(19456, -2149.41992, -225.60001, 35.98000,   0.00000, 0.00000, 90.00000);
CreateObject(19364, -2155.19995, -225.60001, 35.98000,   0.00000, 0.00000, 90.00000);
CreateObject(987, -2138.16992, -264.56000, 34.30000,   0.00000, 0.00000, 0.00000);
CreateObject(987, -2126.31006, -228.17000, 34.30000,   0.00000, 0.00000, 178.23000);
CreateObject(987, -2114.37012, -228.53999, 34.30000,   0.00000, 0.00000, 178.23000);
CreateObject(987, -2102.42993, -228.89999, 34.30000,   0.00000, 0.00000, 178.23000);
CreateObject(987, -2102.60010, -240.82001, 34.30000,   0.00000, 0.00000, 89.47000);
CreateObject(987, -2102.66992, -252.77000, 34.30000,   0.00000, 0.00000, 89.47000);
CreateObject(987, -2126.28003, -264.62000, 34.30000,   0.00000, 0.00000, 89.47000);
CreateObject(987, -2126.14990, -252.59000, 34.30000,   0.00000, 0.00000, 0.00000);
CreateObject(987, -2114.39990, -252.59000, 34.30000,   0.00000, 0.00000, 0.00000);
CreateObject(16327, -2120.51709, -258.68668, 34.30000,   0.00000, 0.00000, 298.02744);
CreateObject(19364, -2158.09009, -268.69000, 35.98000,   0.00000, 0.00000, 0.00000);
CreateObject(19393, -2158.10010, -265.48001, 35.98000,   0.00000, 0.00000, 0.00000);
CreateObject(19364, -2158.08008, -262.28000, 35.98000,   0.00000, 0.00000, 0.00000);
CreateObject(19456, -2162.82007, -260.76001, 35.98000,   0.00000, 0.00000, 90.00000);
CreateObject(19456, -2172.41992, -260.75000, 35.98000,   0.00000, 0.00000, 90.00000);
CreateObject(19456, -2182.04004, -260.73999, 35.98000,   0.00000, 0.00000, 90.00000);
CreateObject(19393, -2188.39990, -260.72000, 35.98000,   0.00000, 0.00000, 90.00000);
CreateObject(19364, -2161.21997, -268.70999, 35.98000,   0.00000, 0.00000, 0.00000);
CreateObject(19364, -2164.39990, -268.70999, 35.98000,   0.00000, 0.00000, 0.00000);
CreateObject(19364, -2167.60010, -268.75000, 35.98000,   0.00000, 0.00000, 0.00000);
CreateObject(19364, -2170.80005, -268.76001, 35.98000,   0.00000, 0.00000, 0.00000);
CreateObject(19364, -2173.97998, -268.72000, 35.98000,   0.00000, 0.00000, 0.00000);
CreateObject(19364, -2177.19995, -268.72000, 35.98000,   0.00000, 0.00000, 0.00000);
CreateObject(19364, -2180.39990, -268.70999, 35.98000,   0.00000, 0.00000, 0.00000);
CreateObject(19364, -2183.60010, -268.70001, 35.98000,   0.00000, 0.00000, 0.00000);
CreateObject(19364, -2188.44995, -267.23999, 35.98000,   0.00000, 0.00000, 90.00000);
CreateObject(19393, -2185.19995, -267.20001, 35.98000,   0.00000, 0.00000, 90.00000);
CreateObject(19393, -2181.95996, -267.22000, 35.98000,   0.00000, 0.00000, 90.00000);
CreateObject(19393, -2178.73999, -267.20001, 35.98000,   0.00000, 0.00000, 90.00000);
CreateObject(19393, -2175.53003, -267.19000, 35.98000,   0.00000, 0.00000, 90.00000);
CreateObject(19393, -2172.37012, -267.20999, 35.98000,   0.00000, 0.00000, 90.00000);
CreateObject(19393, -2169.16992, -267.20001, 35.98000,   0.00000, 0.00000, 90.00000);
CreateObject(19393, -2165.98999, -267.20001, 35.98000,   0.00000, 0.00000, 90.00000);
CreateObject(19393, -2162.81006, -267.20001, 35.98000,   0.00000, 0.00000, 90.00000);
CreateObject(19393, -2159.68994, -267.20001, 35.98000,   0.00000, 0.00000, 90.00000);
CreateObject(19304, -2159.94995, -270.41000, 36.19000,   0.00000, 0.00000, 0.00000);
CreateObject(19304, -2162.92993, -270.42999, 36.19000,   0.00000, 0.00000, 0.00000);
CreateObject(19304, -2165.97998, -270.42999, 36.19000,   0.00000, 0.00000, 0.00000);
CreateObject(19304, -2169.25000, -270.42999, 36.19000,   0.00000, 0.00000, 0.00000);
CreateObject(19304, -2172.29004, -270.44000, 36.19000,   0.00000, 0.00000, 0.00000);
CreateObject(19304, -2175.38989, -270.42999, 36.19000,   0.00000, 0.00000, 0.00000);
CreateObject(19304, -2178.61011, -270.41000, 36.19000,   0.00000, 0.00000, 0.00000);
CreateObject(19304, -2182.00000, -270.41000, 36.19000,   0.00000, 0.00000, 0.00000);
CreateObject(19304, -2185.12012, -270.42999, 36.19000,   0.00000, 0.00000, 0.00000);
CreateObject(19364, -2190.05005, -266.25000, 35.98000,   0.00000, 0.00000, 0.00000);
CreateObject(19456, -2159.39990, -230.44000, 35.98000,   0.00000, 0.00000, 0.00000);
CreateObject(19456, -2159.40991, -240.06000, 35.98000,   0.00000, 0.00000, 0.00000);
CreateObject(19456, -2159.37988, -252.83000, 35.98000,   0.00000, 0.00000, 0.00000);
CreateObject(19393, -2159.38989, -246.44000, 35.98000,   0.00000, 0.00000, 0.00000);
CreateObject(19364, -2159.40991, -259.19000, 35.98000,   0.00000, 0.00000, 0.00000);
CreateObject(19304, -2143.73999, -270.42999, 36.19000,   0.00000, 0.00000, 0.00000);
CreateObject(19304, -2143.20996, -225.62000, 36.19000,   0.00000, 0.00000, 0.00000);
CreateObject(19304, -2138.28003, -230.41000, 36.19000,   0.00000, 0.00000, 270.72000);
CreateObject(19304, -2138.31006, -265.78000, 36.19000,   0.00000, 0.00000, 270.72000);
CreateObject(19304, -2190.01001, -254.14999, 36.19000,   0.00000, 0.00000, 269.79999);
CreateObject(19304, -2190.01001, -241.36000, 36.19000,   0.00000, 0.00000, 269.79999);
CreateObject(19304, -2190.01001, -228.78000, 36.19000,   0.00000, 0.00000, 269.79999);
CreateObject(19304, -2190.05005, -215.73000, 36.19000,   0.00000, 0.00000, 269.79999);
CreateObject(19304, -2182.23999, -204.66000, 36.19000,   0.00000, 0.00000, 0.00000);
CreateObject(19304, -2177.40991, -208.78999, 36.19000,   0.00000, 0.00000, 269.79999);
CreateObject(5004, -2167.88989, -237.09000, 34.06000,   0.00000, 0.00000, 0.00000);
CreateObject(19393, -2159.66992, -263.79001, 35.98000,   0.00000, 0.00000, 90.00000);
CreateObject(19364, -2161.31006, -262.26001, 35.98000,   0.00000, 0.00000, 0.00000);
CreateObject(19393, -2162.93994, -263.79999, 35.98000,   0.00000, 0.00000, 90.00000);
CreateObject(19393, -2166.13989, -263.81000, 35.98000,   0.00000, 0.00000, 90.00000);
CreateObject(19393, -2169.34009, -263.82001, 35.98000,   0.00000, 0.00000, 90.00000);
CreateObject(19393, -2172.55005, -263.79999, 35.98000,   0.00000, 0.00000, 90.00000);
CreateObject(19393, -2175.75000, -263.81000, 35.98000,   0.00000, 0.00000, 90.00000);
CreateObject(19393, -2178.94995, -263.82001, 35.98000,   0.00000, 0.00000, 90.00000);
CreateObject(19393, -2182.14990, -263.81000, 35.98000,   0.00000, 0.00000, 90.00000);
CreateObject(19393, -2185.35010, -263.79999, 35.98000,   0.00000, 0.00000, 90.00000);
CreateObject(19364, -2186.87012, -262.29001, 35.98000,   0.00000, 0.00000, 0.00000);
CreateObject(19364, -2183.69995, -262.29001, 35.98000,   0.00000, 0.00000, 0.00000);
CreateObject(19364, -2180.52002, -262.28000, 35.98000,   0.00000, 0.00000, 0.00000);
CreateObject(19364, -2177.37012, -262.26999, 35.98000,   0.00000, 0.00000, 0.00000);
CreateObject(19364, -2174.12988, -262.26001, 35.98000,   0.00000, 0.00000, 0.00000);
CreateObject(19364, -2170.93994, -262.26999, 35.98000,   0.00000, 0.00000, 0.00000);
CreateObject(19364, -2167.73999, -262.26001, 35.98000,   0.00000, 0.00000, 0.00000);
CreateObject(19364, -2164.54004, -262.31000, 35.98000,   0.00000, 0.00000, 0.00000);
CreateObject(16327, -2104.89990, -225.28000, 34.30000,   0.00000, 0.00000, 270.70001);
CreateObject(1771, -2158.80005, -268.98999, 34.94000,   0.00000, 0.00000, 0.00000);
CreateObject(1647, -2158.95996, -268.97000, 34.96000,   0.00000, 0.00000, 0.00000);
CreateObject(1771, -2163.72998, -268.97000, 34.94000,   0.00000, 0.00000, 0.00000);
CreateObject(1647, -2163.59009, -268.95999, 34.96000,   0.00000, 0.00000, 0.00000);
CreateObject(1771, -2165.16992, -269.01001, 34.94000,   0.00000, 0.00000, 0.00000);
CreateObject(1647, -2165.31006, -268.98999, 34.96000,   0.00000, 0.00000, 0.00000);
CreateObject(1647, -2169.91992, -268.94000, 34.96000,   0.00000, 0.00000, 0.00000);
CreateObject(1771, -2170.08008, -269.01999, 34.94000,   0.00000, 0.00000, 0.00000);
CreateObject(1647, -2171.60010, -268.98999, 34.96000,   0.00000, 0.00000, 0.00000);
CreateObject(1647, -2176.37012, -268.92001, 34.96000,   0.00000, 0.00000, 0.00000);
CreateObject(1647, -2178.12012, -268.95999, 34.96000,   0.00000, 0.00000, 0.00000);
CreateObject(1771, -2171.52002, -269.01999, 34.94000,   0.00000, 0.00000, 0.00000);
CreateObject(1771, -2176.51001, -269.00000, 34.94000,   0.00000, 0.00000, 0.00000);
CreateObject(1771, -2177.92993, -269.03000, 34.94000,   0.00000, 0.00000, 0.00000);
CreateObject(1771, -2182.90991, -268.97000, 34.94000,   0.00000, 0.00000, 0.00000);
CreateObject(1647, -2182.87988, -268.98999, 34.96000,   0.00000, 0.00000, 0.00000);
CreateObject(1647, -2184.45996, -269.04999, 34.96000,   0.00000, 0.00000, 0.00000);
CreateObject(1771, -2186.15991, -262.04001, 34.94000,   0.00000, 0.00000, 0.00000);
CreateObject(1647, -2185.98999, -262.10001, 34.96000,   0.00000, 0.00000, 0.00000);
CreateObject(1771, -2184.35010, -269.00000, 34.94000,   0.00000, 0.00000, 0.00000);
CreateObject(1771, -2160.62012, -262.12000, 34.94000,   0.00000, 0.00000, 0.00000);
CreateObject(1771, -2162.04004, -262.16000, 34.94000,   0.00000, 0.00000, 0.00000);
CreateObject(1771, -2167.07007, -262.10999, 34.94000,   0.00000, 0.00000, 0.00000);
CreateObject(1771, -2168.42993, -262.13000, 34.94000,   0.00000, 0.00000, 0.00000);
CreateObject(1771, -2173.38989, -262.14001, 34.94000,   0.00000, 0.00000, 0.00000);
CreateObject(1771, -2174.86011, -262.10999, 34.94000,   0.00000, 0.00000, 0.00000);
CreateObject(1771, -2179.83008, -262.17001, 34.94000,   0.00000, 0.00000, 0.00000);
CreateObject(1771, -2181.26001, -262.10999, 34.94000,   0.00000, 0.00000, 0.00000);
CreateObject(1647, -2160.53003, -262.17001, 34.96000,   0.00000, 0.00000, 0.00000);
CreateObject(1647, -2161.88989, -262.07999, 34.96000,   0.00000, 0.00000, 0.00000);
CreateObject(1647, -2167.09009, -262.14999, 34.96000,   0.00000, 0.00000, 0.00000);
CreateObject(1647, -2168.58008, -262.22000, 34.96000,   0.00000, 0.00000, 0.00000);
CreateObject(1647, -2173.28003, -262.19000, 34.96000,   0.00000, 0.00000, 0.00000);
CreateObject(1647, -2174.93994, -262.12000, 34.96000,   0.00000, 0.00000, 0.00000);
CreateObject(1647, -2179.69995, -262.14001, 34.96000,   0.00000, 0.00000, 0.00000);
CreateObject(1647, -2181.14990, -262.22000, 34.96000,   0.00000, 0.00000, 0.00000);
CreateObject(2518, -2160.11011, -269.82001, 34.29000,   0.00000, 0.00000, 181.02000);
CreateObject(2518, -2161.31006, -269.85001, 34.29000,   0.00000, 0.00000, 181.02000);
CreateObject(2518, -2166.42993, -269.82001, 34.29000,   0.00000, 0.00000, 181.02000);
CreateObject(2518, -2167.68994, -269.84000, 34.29000,   0.00000, 0.00000, 181.02000);
CreateObject(2518, -2172.68994, -269.82999, 34.29000,   0.00000, 0.00000, 179.98000);
CreateObject(2518, -2174.20996, -269.85999, 34.29000,   0.00000, 0.00000, 179.98000);
CreateObject(2518, -2179.14990, -269.85999, 34.29000,   0.00000, 0.00000, 179.98000);
CreateObject(2518, -2180.62012, -269.85999, 34.29000,   0.00000, 0.00000, 179.98000);
CreateObject(2518, -2185.50000, -269.82001, 34.29000,   0.00000, 0.00000, 179.98000);
CreateObject(2518, -2185.19995, -261.28000, 34.21000,   0.00000, 0.00000, 0.00000);
CreateObject(2518, -2183.36011, -261.31000, 34.21000,   0.00000, 0.00000, 0.00000);
CreateObject(2518, -2178.88989, -261.26999, 34.21000,   0.00000, 0.00000, 0.00000);
CreateObject(2518, -2176.90991, -261.29001, 34.21000,   0.00000, 0.00000, 0.00000);
CreateObject(2518, -2172.29004, -261.31000, 34.21000,   0.00000, 0.00000, 0.00000);
CreateObject(2518, -2170.61011, -261.29999, 34.21000,   0.00000, 0.00000, 0.00000);
CreateObject(2518, -2166.03003, -261.32001, 34.21000,   0.00000, 0.00000, 0.00000);
CreateObject(2518, -2164.06006, -261.32001, 34.21000,   0.00000, 0.00000, 0.00000);
CreateObject(2518, -2159.65991, -261.32001, 34.21000,   0.00000, 0.00000, 0.00000);
CreateObject(19393, -2161.01001, -257.51999, 35.98000,   0.00000, 0.00000, 90.00000);
CreateObject(19364, -2165.79004, -259.19000, 35.98000,   0.00000, 0.00000, 0.00000);
CreateObject(19393, -2167.39990, -257.51999, 35.98000,   0.00000, 0.00000, 90.00000);
CreateObject(19393, -2173.73999, -257.53000, 35.98000,   0.00000, 0.00000, 90.00000);
CreateObject(19364, -2164.19995, -257.53000, 35.98000,   0.00000, 0.00000, 90.00000);
CreateObject(19364, -2170.59009, -257.53000, 35.98000,   0.00000, 0.00000, 90.00000);
CreateObject(19364, -2176.92993, -257.53000, 35.98000,   0.00000, 0.00000, 90.00000);
CreateObject(19364, -2172.14990, -259.14999, 35.98000,   0.00000, 0.00000, 0.00000);
CreateObject(19393, -2180.12988, -257.54001, 35.98000,   0.00000, 0.00000, 90.00000);
CreateObject(19364, -2178.52002, -259.16000, 35.98000,   0.00000, 0.00000, 0.00000);
CreateObject(19364, -2183.27002, -257.54001, 35.98000,   0.00000, 0.00000, 90.00000);
CreateObject(19364, -2184.80005, -259.04999, 35.98000,   0.00000, 0.00000, 0.00000);
CreateObject(19393, -2164.17993, -251.08000, 35.98000,   0.00000, 0.00000, 90.00000);
CreateObject(19364, -2161.00000, -251.08000, 35.98000,   0.00000, 0.00000, 90.00000);
CreateObject(19364, -2167.36011, -251.09000, 35.98000,   0.00000, 0.00000, 90.00000);
CreateObject(19393, -2170.50000, -251.09000, 35.98000,   0.00000, 0.00000, 90.00000);
CreateObject(19364, -2173.67993, -251.10001, 35.98000,   0.00000, 0.00000, 90.00000);
CreateObject(19393, -2176.87012, -251.12000, 35.98000,   0.00000, 0.00000, 90.00000);
CreateObject(19364, -2180.05005, -251.12000, 35.98000,   0.00000, 0.00000, 90.00000);
CreateObject(19393, -2183.19995, -251.14000, 35.98000,   0.00000, 0.00000, 90.00000);
CreateObject(19364, -2165.73999, -249.48000, 35.98000,   0.00000, 0.00000, 0.00000);
CreateObject(19364, -2172.08008, -249.53999, 35.98000,   0.00000, 0.00000, 0.00000);
CreateObject(19364, -2178.44995, -249.50000, 35.98000,   0.00000, 0.00000, 0.00000);
CreateObject(19364, -2184.71997, -249.52000, 35.98000,   0.00000, 0.00000, 0.00000);
CreateObject(19456, -2164.26001, -247.95000, 35.98000,   0.00000, 0.00000, 90.00000);
CreateObject(19456, -2173.87988, -247.95000, 35.98000,   0.00000, 0.00000, 90.00000);
CreateObject(19456, -2179.98999, -247.94000, 35.98000,   0.00000, 0.00000, 90.00000);
CreateObject(7096, -2163.14990, -242.20000, 35.93000,   0.00000, 0.00000, 0.00000);
CreateObject(19364, -2161.04004, -236.53000, 35.98000,   0.00000, 0.00000, 90.00000);
CreateObject(19364, -2163.67993, -236.52000, 35.98000,   0.00000, 0.00000, 90.00000);
CreateObject(19364, -2163.67993, -239.22000, 35.98000,   0.00000, 0.00000, 90.00000);
CreateObject(19364, -2160.92993, -244.92999, 35.98000,   0.00000, 0.00000, 90.00000);
CreateObject(19364, -2162.17993, -243.35001, 35.98000,   0.00000, 0.00000, 0.00000);
CreateObject(19364, -2162.16992, -240.75000, 35.98000,   0.00000, 0.00000, 0.00000);
CreateObject(19364, -2160.90991, -247.57001, 35.98000,   0.00000, 0.00000, 90.00000);
CreateObject(19364, -2160.89990, -247.75000, 35.98000,   0.00000, 0.00000, 90.00000);
CreateObject(19364, -2160.89990, -247.85001, 35.98000,   0.00000, 0.00000, 90.00000);
CreateObject(19364, -2160.93994, -244.77000, 35.98000,   0.00000, 0.00000, 90.00000);
CreateObject(19364, -2160.91992, -244.61000, 35.98000,   0.00000, 0.00000, 90.00000);
CreateObject(19364, -2165.21997, -237.85001, 39.47000,   0.00000, 0.00000, 0.00000);
CreateObject(19364, -2163.67993, -239.37000, 35.98000,   0.00000, 0.00000, 90.00000);
CreateObject(19364, -2163.67993, -236.34000, 35.98000,   0.00000, 0.00000, 90.00000);
CreateObject(19364, -2161.01001, -236.36000, 35.98000,   0.00000, 0.00000, 90.00000);
CreateObject(19364, -2163.67993, -239.37000, 39.47000,   0.00000, 0.00000, 90.00000);
CreateObject(19364, -2163.67993, -236.34000, 39.46000,   0.00000, 0.00000, 90.00000);
CreateObject(19364, -2161.01001, -236.36000, 39.46000,   0.00000, 0.00000, 90.00000);
CreateObject(19364, -2162.16992, -240.75000, 39.47000,   0.00000, 0.00000, 0.00000);
CreateObject(19364, -2162.17993, -243.35001, 39.45000,   0.00000, 0.00000, 0.00000);
CreateObject(19456, -2159.40991, -240.06000, 39.46000,   0.00000, 0.00000, 0.00000);
CreateObject(19393, -2159.38989, -246.44000, 39.43000,   0.00000, 0.00000, 0.00000);
CreateObject(19393, -2159.38989, -246.44000, 36.02000,   0.00000, 0.00000, 0.00000);
CreateObject(19364, -2162.17993, -246.42999, 39.44000,   0.00000, 0.00000, 0.00000);
CreateObject(7096, -2178.95996, -244.31000, 35.93000,   0.00000, 0.00000, 270.12000);
CreateObject(19364, -2173.29004, -246.42000, 35.98000,   0.00000, 0.00000, 0.00000);
CreateObject(19364, -2173.29004, -243.78000, 35.98000,   0.00000, 0.00000, 0.00000);
CreateObject(19364, -2175.97998, -243.77000, 35.98000,   0.00000, 0.00000, 0.00000);
CreateObject(19364, -2177.62988, -245.31000, 35.98000,   0.00000, 0.00000, 90.00000);
CreateObject(19364, -2180.82007, -245.28000, 35.98000,   0.00000, 0.00000, 90.00000);
CreateObject(19364, -2183.21997, -245.28000, 35.98000,   0.00000, 0.00000, 90.00000);
CreateObject(19364, -2184.73999, -246.78000, 35.98000,   0.00000, 0.00000, 0.00000);
CreateObject(19364, -2174.61011, -242.23000, 39.45000,   0.00000, 0.00000, 90.00000);
CreateObject(19364, -2176.13989, -243.77000, 35.98000,   0.00000, 0.00000, 0.00000);
CreateObject(19364, -2173.11011, -243.77000, 35.98000,   0.00000, 0.00000, 0.00000);
CreateObject(19364, -2173.12012, -246.37000, 35.98000,   0.00000, 0.00000, 0.00000);
CreateObject(19364, -2173.12012, -246.37000, 39.46000,   0.00000, 0.00000, 0.00000);
CreateObject(19364, -2173.11011, -243.77000, 39.45000,   0.00000, 0.00000, 0.00000);
CreateObject(19364, -2173.29004, -246.42000, 39.45000,   0.00000, 0.00000, 0.00000);
CreateObject(19364, -2173.29004, -243.78000, 39.45000,   0.00000, 0.00000, 0.00000);
CreateObject(19364, -2175.97998, -243.77000, 39.46000,   0.00000, 0.00000, 0.00000);
CreateObject(19364, -2176.13989, -243.77000, 39.46000,   0.00000, 0.00000, 0.00000);
CreateObject(19456, -2173.87988, -247.95000, 39.44000,   0.00000, 0.00000, 90.00000);
CreateObject(19364, -2180.27002, -247.95000, 39.44000,   0.00000, 0.00000, 90.00000);
CreateObject(19393, -2183.15991, -247.95000, 39.44000,   0.00000, 0.00000, 90.00000);
CreateObject(19364, -2184.69995, -246.78000, 39.42000,   0.00000, 0.00000, 0.00000);
CreateObject(19364, -2183.12012, -245.28000, 39.41000,   0.00000, 0.00000, 90.00000);
CreateObject(19364, -2180.82007, -245.28000, 39.41000,   0.00000, 0.00000, 90.00000);
CreateObject(19364, -2177.63989, -245.28999, 39.41000,   0.00000, 0.00000, 90.00000);
CreateObject(19456, -2164.26001, -247.95000, 39.43000,   0.00000, 0.00000, 90.00000);
CreateObject(1771, -2173.55005, -260.04001, 34.94000,   0.00000, 0.00000, 89.54000);
CreateObject(1771, -2173.55005, -260.04001, 36.02000,   0.00000, 0.00000, 89.54000);
CreateObject(1771, -2179.97998, -260.00000, 34.94000,   0.00000, 0.00000, 89.54000);
CreateObject(1771, -2167.34009, -259.88000, 34.94000,   0.00000, 0.00000, 89.54000);
CreateObject(1771, -2167.34009, -259.88000, 35.97000,   0.00000, 0.00000, 89.54000);
CreateObject(1771, -2160.82007, -259.91000, 34.94000,   0.00000, 0.00000, 89.54000);
CreateObject(1771, -2160.82007, -259.91000, 35.99000,   0.00000, 0.00000, 89.54000);
CreateObject(1647, -2160.85010, -259.72000, 34.96000,   0.00000, 0.00000, 270.23001);
CreateObject(1647, -2160.86011, -259.73999, 36.01000,   0.00000, 0.00000, 270.23001);
CreateObject(1647, -2180.02002, -259.79001, 36.01000,   0.00000, 0.00000, 270.23001);
CreateObject(1647, -2167.33008, -259.73999, 36.01000,   0.00000, 0.00000, 270.23001);
CreateObject(1647, -2179.94995, -259.87000, 34.96000,   0.00000, 0.00000, 270.23001);
CreateObject(1647, -2167.31006, -259.70001, 34.96000,   0.00000, 0.00000, 270.23001);
CreateObject(1647, -2173.65991, -259.98001, 36.01000,   0.00000, 0.00000, 270.23001);
CreateObject(1647, -2173.62012, -259.89001, 34.96000,   0.00000, 0.00000, 270.23001);
CreateObject(1771, -2183.19995, -248.80000, 34.94000,   0.00000, 0.00000, 89.54000);
CreateObject(1771, -2183.19995, -248.80000, 35.99000,   0.00000, 0.00000, 89.54000);
CreateObject(1647, -2183.16992, -248.88000, 36.01000,   0.00000, 0.00000, 270.23001);
CreateObject(1771, -2179.97998, -260.00000, 35.97000,   0.00000, 0.00000, 89.54000);
CreateObject(1647, -2183.25000, -248.92000, 34.96000,   0.00000, 0.00000, 270.23001);
CreateObject(1771, -2177.05005, -248.59000, 34.94000,   0.00000, 0.00000, 89.54000);
CreateObject(1647, -2177.07007, -248.59000, 36.01000,   0.00000, 0.00000, 270.23001);
CreateObject(1771, -2177.05005, -248.59000, 35.97000,   0.00000, 0.00000, 89.54000);
CreateObject(1647, -2170.66992, -248.64999, 36.01000,   0.00000, 0.00000, 270.23001);
CreateObject(1647, -2170.62012, -248.58000, 34.97000,   0.00000, 0.00000, 270.23001);
CreateObject(1771, -2170.64990, -248.72000, 34.94000,   0.00000, 0.00000, 89.54000);
CreateObject(1771, -2170.64990, -248.72000, 35.98000,   0.00000, 0.00000, 89.54000);
CreateObject(1647, -2164.35010, -248.69000, 34.97000,   0.00000, 0.00000, 270.23001);
CreateObject(1771, -2164.30005, -248.72000, 34.94000,   0.00000, 0.00000, 89.54000);
CreateObject(1647, -2164.35010, -248.69000, 36.06000,   0.00000, 0.00000, 270.23001);
CreateObject(1771, -2164.30005, -248.72000, 36.03000,   0.00000, 0.00000, 89.54000);
CreateObject(2518, -2176.20996, -260.17001, 34.29000,   0.00000, 0.00000, 181.02000);
CreateObject(2518, -2170.33008, -260.17999, 34.29000,   0.00000, 0.00000, 181.02000);
CreateObject(2518, -2182.58008, -260.19000, 34.29000,   0.00000, 0.00000, 181.02000);
CreateObject(2518, -2180.70996, -248.50999, 34.21000,   0.00000, 0.00000, 0.00000);
CreateObject(2518, -2174.59009, -248.47000, 34.21000,   0.00000, 0.00000, 0.00000);
CreateObject(2518, -2168.02002, -248.50000, 34.21000,   0.00000, 0.00000, 0.00000);
CreateObject(2518, -2161.52002, -248.52000, 34.21000,   0.00000, 0.00000, 0.00000);
CreateObject(2514, -2159.93994, -249.87000, 34.31000,   0.00000, 0.00000, 271.39001);
CreateObject(2514, -2166.27002, -249.87000, 34.31000,   0.00000, 0.00000, 271.39001);
CreateObject(2514, -2172.62988, -249.87000, 34.31000,   0.00000, 0.00000, 271.39001);
CreateObject(2514, -2178.95996, -249.66000, 34.31000,   0.00000, 0.00000, 271.39001);
CreateObject(2514, -2184.25000, -258.85999, 34.31000,   0.00000, 0.00000, 92.50000);
CreateObject(2514, -2177.94995, -258.92999, 34.31000,   0.00000, 0.00000, 92.50000);
CreateObject(2514, -2171.58008, -258.95999, 34.31000,   0.00000, 0.00000, 92.50000);
CreateObject(2514, -2165.22998, -259.00000, 34.31000,   0.00000, 0.00000, 92.50000);
CreateObject(2518, -2163.80005, -260.17999, 34.29000,   0.00000, 0.00000, 181.02000);
CreateObject(2633, -2161.59009, -256.35001, 36.09000,   0.00000, 0.00000, 0.00000);
CreateObject(2633, -2165.73999, -256.35999, 36.09000,   0.00000, 0.00000, 0.00000);
CreateObject(2633, -2169.89990, -256.35001, 36.09000,   0.00000, 0.00000, 0.00000);
CreateObject(2633, -2174.04004, -256.32999, 36.09000,   0.00000, 0.00000, 0.00000);
CreateObject(19364, -2178.48999, -249.49001, 39.41000,   0.00000, 0.00000, 0.00000);
CreateObject(2633, -2176.39990, -256.35001, 36.09000,   0.00000, 0.00000, 0.00000);
CreateObject(2633, -2179.73999, -255.31000, 36.09000,   0.00000, 0.00000, 89.93000);
CreateObject(19393, -2179.97998, -251.06000, 39.44000,   0.00000, 0.00000, 90.00000);
CreateObject(19447, -2179.97998, -249.67999, 37.64000,   0.00000, 90.00000, 90.00000);
CreateObject(19447, -2170.38989, -249.67999, 37.64000,   0.00000, 90.00000, 90.00000);
CreateObject(19447, -2164.19995, -249.70000, 37.64000,   0.00000, 90.00000, 90.00000);
CreateObject(19393, -2180.12988, -257.54001, 39.44000,   0.00000, 0.00000, 90.00000);
CreateObject(19364, -2183.27002, -257.54001, 39.44000,   0.00000, 0.00000, 90.00000);
CreateObject(19364, -2184.80005, -259.04999, 39.44000,   0.00000, 0.00000, 0.00000);
CreateObject(19364, -2178.52002, -259.16000, 39.44000,   0.00000, 0.00000, 0.00000);
CreateObject(19364, -2176.92993, -257.53000, 39.43000,   0.00000, 0.00000, 90.00000);
CreateObject(19393, -2173.73999, -257.53000, 39.43000,   0.00000, 0.00000, 90.00000);
CreateObject(19364, -2172.14990, -259.14999, 39.42000,   0.00000, 0.00000, 0.00000);
CreateObject(19364, -2170.59009, -257.53000, 39.43000,   0.00000, 0.00000, 90.00000);
CreateObject(19393, -2167.39990, -257.51999, 39.43000,   0.00000, 0.00000, 90.00000);
CreateObject(19364, -2165.79004, -259.19000, 39.43000,   0.00000, 0.00000, 0.00000);
CreateObject(19364, -2164.19995, -257.53000, 39.42000,   0.00000, 0.00000, 90.00000);
CreateObject(19393, -2161.01001, -257.51999, 39.42000,   0.00000, 0.00000, 90.00000);
CreateObject(19364, -2159.40991, -259.19000, 39.41000,   0.00000, 0.00000, 0.00000);
CreateObject(19364, -2183.01001, -251.06000, 39.43000,   0.00000, 0.00000, 90.00000);
CreateObject(19456, -2173.69995, -251.08000, 39.44000,   0.00000, 0.00000, 90.00000);
CreateObject(19456, -2164.12012, -251.08000, 39.44000,   0.00000, 0.00000, 90.00000);
CreateObject(19393, -2159.43994, -256.29999, 39.43000,   0.00000, 0.00000, 0.00000);
CreateObject(19364, -2159.38989, -249.45000, 39.41000,   0.00000, 0.00000, 0.00000);
CreateObject(19364, -2159.39990, -253.59000, 39.41000,   0.00000, 0.00000, 0.00000);
CreateObject(19364, -2159.39990, -250.61000, 39.41000,   0.00000, 0.00000, 0.00000);
CreateObject(2633, -2179.80005, -253.00999, 36.09000,   0.00000, 0.00000, 269.92001);
CreateObject(2633, -2158.18994, -254.50000, 36.09000,   0.00000, 0.00000, 269.92001);
CreateObject(2633, -2158.17993, -250.34000, 36.09000,   0.00000, 0.00000, 269.92001);
CreateObject(2633, -2158.18994, -246.17999, 36.09000,   0.00000, 0.00000, 269.92001);
CreateObject(2633, -2158.18994, -242.02000, 36.09000,   0.00000, 0.00000, 269.92001);
CreateObject(2633, -2158.16992, -237.86000, 36.09000,   0.00000, 0.00000, 269.92001);
CreateObject(19456, -2159.39990, -230.44000, 39.45000,   0.00000, 0.00000, 0.00000);
CreateObject(2633, -2158.15991, -233.71001, 36.09000,   0.00000, 0.00000, 269.92001);
CreateObject(2633, -2158.13989, -230.12000, 36.09000,   0.00000, 0.00000, 269.92001);
CreateObject(2633, -2154.79004, -226.77000, 36.09000,   0.00000, 0.00000, 180.17999);
CreateObject(2633, -2158.14990, -227.77000, 36.09000,   0.00000, 0.00000, 89.93000);
CreateObject(2633, -2150.62012, -226.77000, 36.09000,   0.00000, 0.00000, 180.17999);
CreateObject(2633, -2146.46997, -226.75000, 36.09000,   0.00000, 0.00000, 180.17999);
CreateObject(2633, -2142.73999, -226.73000, 36.09000,   0.00000, 0.00000, 180.17999);
CreateObject(2633, -2139.41992, -230.06000, 36.09000,   0.00000, 0.00000, 89.93000);
CreateObject(2633, -2140.37012, -226.78999, 36.09000,   0.00000, 0.00000, 0.00000);
CreateObject(2633, -2139.42993, -234.21001, 36.09000,   0.00000, 0.00000, 89.93000);
CreateObject(2633, -2139.42993, -238.35001, 36.09000,   0.00000, 0.00000, 89.93000);
CreateObject(2633, -2139.42993, -242.50000, 36.09000,   0.00000, 0.00000, 89.93000);
CreateObject(2633, -2139.46997, -246.64000, 36.09000,   0.00000, 0.00000, 89.93000);
CreateObject(2633, -2139.48999, -250.78999, 36.09000,   0.00000, 0.00000, 89.93000);
CreateObject(2633, -2139.47998, -254.92000, 36.09000,   0.00000, 0.00000, 89.93000);
CreateObject(2633, -2139.46997, -259.07999, 36.09000,   0.00000, 0.00000, 89.93000);
CreateObject(2633, -2139.46997, -263.23999, 36.09000,   0.00000, 0.00000, 89.93000);
CreateObject(2633, -2136.19995, -265.88000, 36.09000,   0.00000, 0.00000, 180.17999);
CreateObject(2633, -2139.45996, -267.38000, 36.09000,   0.00000, 0.00000, 89.93000);
CreateObject(2633, -2132.05005, -265.88000, 36.09000,   0.00000, 0.00000, 180.17999);
CreateObject(2633, -2127.91992, -265.85999, 36.09000,   0.00000, 0.00000, 180.17999);
CreateObject(2633, -2124.89990, -260.78000, 36.09000,   0.00000, 0.00000, 269.92001);
CreateObject(2633, -2124.90991, -264.92001, 36.09000,   0.00000, 0.00000, 269.92001);
CreateObject(2633, -2125.83008, -265.87000, 36.09000,   0.00000, 0.00000, 180.17999);
CreateObject(2633, -2124.90991, -257.25000, 36.09000,   0.00000, 0.00000, 269.92001);
CreateObject(2633, -2121.57007, -253.92000, 36.09000,   0.00000, 0.00000, 180.17999);
CreateObject(2633, -2124.89990, -254.74001, 36.09000,   0.00000, 0.00000, 89.93000);
CreateObject(19364, -2186.67993, -272.00000, 35.98000,   0.00000, 0.00000, 0.00000);
CreateObject(19364, -2190.19995, -271.06000, 35.98000,   0.00000, 0.00000, 0.00000);
CreateObject(19364, -2190.04004, -272.01001, 35.98000,   0.00000, 0.00000, 0.00000);
CreateObject(2633, -2139.43994, -268.29999, 36.09000,   0.00000, 0.00000, 89.93000);
CreateObject(19447, -2164.18994, -259.04001, 37.64000,   0.00000, 90.00000, 90.00000);
CreateObject(19447, -2173.82007, -259.04001, 37.64000,   0.00000, 90.00000, 90.00000);
CreateObject(19447, -2180.05005, -259.04001, 37.64000,   0.00000, 90.00000, 90.00000);
CreateObject(19456, -2180.06006, -260.70999, 39.43000,   0.00000, 0.00000, 90.00000);
CreateObject(19456, -2170.44995, -260.70999, 39.43000,   0.00000, 0.00000, 90.00000);
CreateObject(19456, -2162.80005, -260.73999, 39.43000,   0.00000, 0.00000, 90.00000);
CreateObject(19364, -2161.31006, -262.26001, 39.43000,   0.00000, 0.00000, 0.00000);
CreateObject(19364, -2164.54004, -262.31000, 39.42000,   0.00000, 0.00000, 0.00000);
CreateObject(19364, -2167.73999, -262.26001, 39.44000,   0.00000, 0.00000, 0.00000);
CreateObject(19364, -2170.93994, -262.26999, 39.43000,   0.00000, 0.00000, 0.00000);
CreateObject(19364, -2174.12988, -262.26001, 39.41000,   0.00000, 0.00000, 0.00000);
CreateObject(19364, -2177.37012, -262.26999, 39.41000,   0.00000, 0.00000, 0.00000);
CreateObject(19364, -2180.52002, -262.28000, 39.44000,   0.00000, 0.00000, 0.00000);
CreateObject(19364, -2183.69995, -262.29001, 39.41000,   0.00000, 0.00000, 0.00000);
CreateObject(19456, -2185.26001, -260.72000, 39.42000,   0.00000, 0.00000, 90.00000);
CreateObject(19364, -2186.87012, -262.29001, 39.43000,   0.00000, 0.00000, 0.00000);
CreateObject(19364, -2158.08008, -262.28000, 39.46000,   0.00000, 0.00000, 0.00000);
CreateObject(19393, -2158.10010, -265.48001, 39.46000,   0.00000, 0.00000, 0.00000);
CreateObject(19364, -2158.09009, -268.69000, 39.46000,   0.00000, 0.00000, 0.00000);
CreateObject(2633, -2156.96997, -268.26999, 36.09000,   0.00000, 0.00000, 269.92001);
CreateObject(2633, -2157.00000, -264.13000, 36.09000,   0.00000, 0.00000, 269.92001);
CreateObject(2633, -2157.01001, -259.91000, 36.09000,   0.00000, 0.00000, 269.92001);
CreateObject(2633, -2158.19360, -258.66794, 36.09000,   0.00000, 0.00000, 89.93000);
CreateObject(19447, -2162.84009, -262.56000, 37.64000,   0.00000, 90.00000, 90.00000);
CreateObject(19447, -2172.46997, -262.57999, 37.64000,   0.00000, 90.00000, 90.00000);
CreateObject(19447, -2182.08008, -262.57001, 37.64000,   0.00000, 90.00000, 90.00000);
CreateObject(19393, -2162.93994, -263.79999, 39.42000,   0.00000, 0.00000, 90.00000);
CreateObject(19393, -2166.13989, -263.81000, 39.42000,   0.00000, 0.00000, 90.00000);
CreateObject(19393, -2169.34009, -263.82001, 39.43000,   0.00000, 0.00000, 90.00000);
CreateObject(19393, -2172.55005, -263.79999, 39.41000,   0.00000, 0.00000, 90.00000);
CreateObject(19447, -2162.81006, -266.06000, 37.64000,   0.00000, 90.00000, 90.00000);
CreateObject(19393, -2175.75000, -263.81000, 39.41000,   0.00000, 0.00000, 90.00000);
CreateObject(19393, -2178.94995, -263.82001, 39.44000,   0.00000, 0.00000, 90.00000);
CreateObject(19393, -2182.14990, -263.81000, 39.44000,   0.00000, 0.00000, 90.00000);
CreateObject(19393, -2185.35010, -263.79999, 39.42000,   0.00000, 0.00000, 90.00000);
CreateObject(19447, -2182.09009, -266.06000, 37.64000,   0.00000, 90.00000, 90.00000);
CreateObject(19447, -2172.43994, -266.07001, 37.64000,   0.00000, 90.00000, 90.00000);
CreateObject(19456, -2190.01001, -265.47000, 39.40000,   0.00000, 0.00000, 0.00000);
CreateObject(19364, -2190.03003, -271.89001, 39.43000,   0.00000, 0.00000, 0.00000);
CreateObject(19364, -2186.65991, -272.00000, 39.40000,   0.00000, 0.00000, 0.00000);
CreateObject(19456, -2186.72998, -268.62000, 39.40000,   0.00000, 0.00000, 0.00000);
CreateObject(19447, -2188.33008, -265.62000, 37.64000,   0.00000, 90.00000, 0.00000);
CreateObject(19393, -2185.19995, -267.20001, 39.41000,   0.00000, 0.00000, 90.00000);
CreateObject(19393, -2181.95996, -267.17999, 39.42000,   0.00000, 0.00000, 90.00000);
CreateObject(19364, -2183.60010, -268.70001, 39.40000,   0.00000, 0.00000, 0.00000);
CreateObject(19393, -2178.73999, -267.20001, 39.43000,   0.00000, 0.00000, 90.00000);
CreateObject(19364, -2180.39990, -268.70999, 39.42000,   0.00000, 0.00000, 0.00000);
CreateObject(19364, -2177.19995, -268.72000, 39.43000,   0.00000, 0.00000, 0.00000);
CreateObject(19393, -2175.53003, -267.19000, 39.43000,   0.00000, 0.00000, 90.00000);
CreateObject(19364, -2173.97998, -268.72000, 39.44000,   0.00000, 0.00000, 0.00000);
CreateObject(19393, -2172.37012, -267.20999, 39.44000,   0.00000, 0.00000, 90.00000);
CreateObject(19364, -2170.80005, -268.76001, 39.43000,   0.00000, 0.00000, 0.00000);
CreateObject(19393, -2169.16992, -267.20001, 39.45000,   0.00000, 0.00000, 90.00000);
CreateObject(19393, -2165.98999, -267.20001, 39.44000,   0.00000, 0.00000, 90.00000);
CreateObject(19393, -2162.81006, -267.20001, 39.43000,   0.00000, 0.00000, 90.00000);
CreateObject(19393, -2159.68994, -267.20001, 39.43000,   0.00000, 0.00000, 90.00000);
CreateObject(19364, -2161.21997, -268.70999, 39.44000,   0.00000, 0.00000, 0.00000);
CreateObject(19364, -2164.39990, -268.70999, 39.44000,   0.00000, 0.00000, 0.00000);
CreateObject(19364, -2167.60010, -268.75000, 39.43000,   0.00000, 0.00000, 0.00000);
CreateObject(19447, -2182.03003, -268.64999, 37.64000,   0.00000, 90.00000, 90.00000);
CreateObject(19447, -2172.42993, -268.64001, 37.64000,   0.00000, 90.00000, 90.00000);
CreateObject(19447, -2162.84009, -268.64999, 37.64000,   0.00000, 90.00000, 90.00000);
CreateObject(19410, -2185.21997, -270.38000, 39.40000,   0.00000, 0.00000, 90.00000);
CreateObject(19410, -2182.02002, -270.38000, 39.40000,   0.00000, 0.00000, 90.00000);
CreateObject(19410, -2178.81006, -270.38000, 39.41000,   0.00000, 0.00000, 90.00000);
CreateObject(19410, -2175.60010, -270.39001, 39.41000,   0.00000, 0.00000, 90.00000);
CreateObject(19410, -2172.39990, -270.39001, 39.41000,   0.00000, 0.00000, 90.00000);
CreateObject(19410, -2169.21997, -270.39999, 39.41000,   0.00000, 0.00000, 90.00000);
CreateObject(19410, -2166.02002, -270.39001, 39.42000,   0.00000, 0.00000, 90.00000);
CreateObject(19410, -2162.82007, -270.39001, 39.41000,   0.00000, 0.00000, 90.00000);
CreateObject(19410, -2159.62988, -270.38000, 39.42000,   0.00000, 0.00000, 90.00000);
CreateObject(19304, -2159.94995, -270.41000, 39.56000,   0.00000, 0.00000, 0.00000);
CreateObject(19304, -2162.77002, -270.44000, 39.56000,   0.00000, 0.00000, 0.00000);
CreateObject(19304, -2165.98999, -270.42999, 39.56000,   0.00000, 0.00000, 0.00000);
CreateObject(19304, -2169.25000, -270.42001, 39.56000,   0.00000, 0.00000, 0.00000);
CreateObject(19304, -2172.37012, -270.42001, 39.56000,   0.00000, 0.00000, 0.00000);
CreateObject(19304, -2175.70996, -270.42999, 39.56000,   0.00000, 0.00000, 0.00000);
CreateObject(19304, -2178.72998, -270.42001, 39.56000,   0.00000, 0.00000, 0.00000);
CreateObject(19304, -2181.57007, -270.41000, 39.56000,   0.00000, 0.00000, 0.00000);
CreateObject(19304, -2184.70996, -270.41000, 39.56000,   0.00000, 0.00000, 0.00000);
CreateObject(19410, -2188.39990, -273.38000, 39.40000,   0.00000, 0.00000, 90.00000);
CreateObject(19304, -2188.35010, -273.39999, 39.56000,   0.00000, 0.00000, 0.00000);
CreateObject(19410, -2188.39990, -273.38000, 35.96000,   0.00000, 0.00000, 90.00000);
CreateObject(19304, -2188.35010, -273.39999, 36.14000,   0.00000, 0.00000, 0.00000);
CreateObject(19447, -2164.02002, -244.23000, 37.64000,   0.00000, 90.00000, 0.00000);
CreateObject(2633, -2191.21997, -271.31000, 36.09000,   0.00000, 0.00000, 89.93000);
CreateObject(2633, -2191.21997, -267.14999, 36.09000,   0.00000, 0.00000, 89.93000);
CreateObject(2633, -2191.19995, -263.03000, 36.09000,   0.00000, 0.00000, 89.93000);
CreateObject(2633, -2191.21997, -258.88000, 36.09000,   0.00000, 0.00000, 89.93000);
CreateObject(2633, -2191.20996, -254.72000, 36.09000,   0.00000, 0.00000, 89.93000);
CreateObject(2633, -2191.20996, -250.58000, 36.09000,   0.00000, 0.00000, 89.93000);
CreateObject(2633, -2191.20996, -246.39999, 36.09000,   0.00000, 0.00000, 89.93000);
CreateObject(2633, -2191.21997, -242.28000, 36.09000,   0.00000, 0.00000, 89.93000);
CreateObject(2633, -2191.22998, -238.14000, 36.09000,   0.00000, 0.00000, 89.93000);
CreateObject(2633, -2191.25000, -233.97000, 36.09000,   0.00000, 0.00000, 89.93000);
CreateObject(2633, -2191.20996, -229.78999, 36.09000,   0.00000, 0.00000, 89.93000);
CreateObject(2633, -2191.17993, -225.61000, 36.09000,   0.00000, 0.00000, 89.93000);
CreateObject(2633, -2191.16992, -221.44000, 36.09000,   0.00000, 0.00000, 89.93000);
CreateObject(2633, -2191.17993, -217.28999, 36.09000,   0.00000, 0.00000, 89.93000);
CreateObject(2633, -2191.22998, -213.12000, 36.09000,   0.00000, 0.00000, 89.93000);
CreateObject(2633, -2191.22998, -208.97000, 36.09000,   0.00000, 0.00000, 89.93000);
CreateObject(2633, -2191.22998, -206.74001, 36.09000,   0.00000, 0.00000, 89.93000);
CreateObject(19456, -2190.07007, -260.48999, 39.39000,   0.00000, 0.00000, 0.00000);
CreateObject(19410, -2190.05005, -254.11000, 39.41000,   0.00000, 0.00000, 0.00000);
CreateObject(19304, -2190.01001, -254.14999, 39.58000,   0.00000, 0.00000, 269.79999);
CreateObject(19456, -2190.06006, -247.70000, 39.40000,   0.00000, 0.00000, 0.00000);
CreateObject(19410, -2190.05005, -241.30000, 39.40000,   0.00000, 0.00000, 0.00000);
CreateObject(19456, -2190.05005, -234.89000, 39.41000,   0.00000, 0.00000, 0.00000);
CreateObject(19304, -2190.01001, -241.36000, 39.57000,   0.00000, 0.00000, 269.79999);
CreateObject(19410, -2190.06006, -228.50000, 39.41000,   0.00000, 0.00000, 0.00000);
CreateObject(19304, -2190.01001, -228.78000, 39.58000,   0.00000, 0.00000, 269.79999);
CreateObject(19456, -2190.07007, -222.10001, 39.41000,   0.00000, 0.00000, 0.00000);
CreateObject(19410, -2190.06006, -215.70000, 39.41000,   0.00000, 0.00000, 0.00000);
CreateObject(19304, -2190.05005, -215.73000, 39.59000,   0.00000, 0.00000, 269.79999);
CreateObject(19456, -2190.07007, -209.35001, 39.40000,   0.00000, 0.00000, 0.00000);
CreateObject(19364, -2188.38989, -204.61000, 39.41000,   0.00000, 0.00000, 90.00000);
CreateObject(19364, -2185.18994, -204.61000, 39.41000,   0.00000, 0.00000, 90.00000);
CreateObject(19410, -2182.05005, -204.61000, 39.40000,   0.00000, 0.00000, 90.00000);
CreateObject(19364, -2178.88989, -204.61000, 39.40000,   0.00000, 0.00000, 90.00000);
CreateObject(19364, -2177.37988, -206.20000, 39.40000,   0.00000, 0.00000, 0.00000);
CreateObject(19410, -2177.37988, -208.59000, 39.41000,   0.00000, 0.00000, 0.00000);
CreateObject(19304, -2177.40991, -208.78999, 39.62000,   0.00000, 0.00000, 269.79999);
CreateObject(19364, -2177.37012, -211.80000, 39.41000,   0.00000, 0.00000, 0.00000);
CreateObject(19364, -2177.37988, -214.99001, 39.41000,   0.00000, 0.00000, 0.00000);
CreateObject(19364, -2177.37988, -218.17000, 35.98000,   0.00000, 0.00000, 0.00000);
CreateObject(19456, -2172.62012, -223.02000, 39.40000,   0.00000, 0.00000, 90.00000);
CreateObject(19304, -2182.23999, -204.66000, 39.58000,   0.00000, 0.00000, 0.00000);
CreateObject(19410, -2166.18994, -223.02000, 39.39000,   0.00000, 0.00000, 90.00000);
CreateObject(19304, -2166.66992, -223.03000, 39.58000,   0.00000, 0.00000, 0.00000);
CreateObject(19364, -2163.04004, -223.03999, 39.39000,   0.00000, 0.00000, 90.00000);
CreateObject(19364, -2160.95996, -223.03000, 39.39000,   0.00000, 0.00000, 90.00000);
CreateObject(19437, -2159.40991, -223.78999, 39.41000,   0.00000, 0.00000, 0.00000);
CreateObject(19437, -2159.40991, -224.71001, 39.42000,   0.00000, 0.00000, 0.00000);
CreateObject(19364, -2157.87988, -225.60001, 39.43000,   0.00000, 0.00000, 90.00000);
CreateObject(19364, -2155.19995, -225.60001, 39.43000,   0.00000, 0.00000, 90.00000);
CreateObject(19456, -2149.41992, -225.60001, 39.42000,   0.00000, 0.00000, 90.00000);
CreateObject(19410, -2143.03003, -225.60001, 39.42000,   0.00000, 0.00000, 90.00000);
CreateObject(19364, -2139.83008, -225.60001, 39.40000,   0.00000, 0.00000, 90.00000);
CreateObject(19364, -2138.30005, -227.28000, 39.39000,   0.00000, 0.00000, 0.00000);
CreateObject(19410, -2138.30005, -230.48000, 39.40000,   0.00000, 0.00000, 0.00000);
CreateObject(19456, -2138.29004, -236.89999, 39.41000,   0.00000, 0.00000, 0.00000);
CreateObject(19304, -2138.28003, -230.41000, 39.52000,   0.00000, 0.00000, 270.72000);
CreateObject(19393, -2141.60742, -245.68851, 42.85060,   0.00000, 0.00000, 0.00000);
CreateObject(19364, -2138.29004, -246.49001, 39.38000,   0.00000, 0.00000, 0.00000);
CreateObject(19364, -2138.32007, -249.70000, 39.37000,   0.00000, 0.00000, 0.00000);
CreateObject(19393, -2138.34009, -252.89999, 39.35000,   0.00000, 0.00000, 0.00000);
CreateObject(19456, -2138.34009, -259.32001, 39.35000,   0.00000, 0.00000, 0.00000);
CreateObject(19410, -2138.32007, -265.70001, 39.36000,   0.00000, 0.00000, 0.00000);
CreateObject(19364, -2138.33008, -268.87000, 39.32000,   0.00000, 0.00000, 0.00000);
CreateObject(19364, -2139.85010, -270.39001, 39.32000,   0.00000, 0.00000, 90.00000);
CreateObject(19364, -2141.16992, -270.38000, 39.32000,   0.00000, 0.00000, 90.00000);
CreateObject(19410, -2143.68994, -270.38000, 39.32000,   0.00000, 0.00000, 90.00000);
CreateObject(19456, -2150.09009, -270.39001, 39.33000,   0.00000, 0.00000, 90.00000);
CreateObject(19364, -2156.42993, -270.38000, 39.33000,   0.00000, 0.00000, 90.00000);
CreateObject(19304, -2143.73999, -270.42999, 39.43000,   0.00000, 0.00000, 0.00000);
CreateObject(19304, -2143.20996, -225.62000, 39.59000,   0.00000, 0.00000, 0.00000);
CreateObject(2633, -2137.10010, -244.57001, 36.09000,   0.00000, 0.00000, 269.92001);
CreateObject(2633, -2137.13989, -251.64000, 36.09000,   0.00000, 0.00000, 269.92001);
CreateObject(2633, -2137.10010, -248.25999, 36.09000,   0.00000, 0.00000, 269.92001);
CreateObject(2633, -2137.14990, -255.77000, 36.09000,   0.00000, 0.00000, 269.92001);
CreateObject(2633, -2137.12012, -259.89999, 36.09000,   0.00000, 0.00000, 269.92001);
CreateObject(2633, -2137.12012, -262.54999, 36.09000,   0.00000, 0.00000, 269.92001);
CreateObject(2633, -2137.11011, -240.39000, 36.09000,   0.00000, 0.00000, 269.92001);
CreateObject(2633, -2137.10010, -236.27000, 36.09000,   0.00000, 0.00000, 269.92001);
CreateObject(2633, -2137.09009, -232.12000, 36.09000,   0.00000, 0.00000, 269.92001);
CreateObject(2633, -2137.08008, -229.69000, 36.09000,   0.00000, 0.00000, 269.92001);
CreateObject(19447, -2167.45996, -244.21001, 37.64000,   0.00000, 90.00000, 0.00000);
CreateObject(19447, -2170.93994, -244.24001, 37.64000,   0.00000, 90.00000, 0.00000);
CreateObject(19447, -2171.36011, -244.25999, 37.64000,   0.00000, 90.00000, 0.00000);
CreateObject(19447, -2167.04004, -234.64000, 37.64000,   0.00000, 90.00000, 0.00000);
CreateObject(19447, -2170.52002, -234.60001, 37.64000,   0.00000, 90.00000, 0.00000);
CreateObject(19447, -2173.96997, -237.32001, 37.64000,   0.00000, 90.00000, 0.00000);
CreateObject(19447, -2163.56006, -231.46001, 37.64000,   0.00000, 90.00000, 0.00000);
CreateObject(19447, -2161.17993, -231.46001, 37.64000,   0.00000, 90.00000, 0.00000);
CreateObject(19447, -2161.17993, -227.88000, 37.64000,   0.00000, 90.00000, 0.00000);
CreateObject(19447, -2164.66992, -227.91000, 37.64000,   0.00000, 90.00000, 0.00000);
CreateObject(19447, -2168.14990, -227.82001, 37.64000,   0.00000, 90.00000, 0.00000);
CreateObject(19447, -2171.60010, -227.88000, 37.64000,   0.00000, 90.00000, 0.00000);
CreateObject(19447, -2173.93994, -227.78999, 37.64000,   0.00000, 90.00000, 0.00000);
CreateObject(19447, -2177.92993, -240.41000, 37.64000,   0.00000, 90.00000, 0.00000);
CreateObject(19447, -2176.43994, -237.37000, 37.64000,   0.00000, 90.00000, 0.00000);
CreateObject(19447, -2176.43994, -227.82001, 37.64000,   0.00000, 90.00000, 0.00000);
CreateObject(19447, -2179.92993, -230.78999, 37.64000,   0.00000, 90.00000, 0.00000);
CreateObject(19447, -2179.19995, -218.24001, 37.64000,   0.00000, 90.00000, 0.00000);
CreateObject(19447, -2179.89990, -221.16000, 37.64000,   0.00000, 90.00000, 0.00000);
CreateObject(19447, -2179.20996, -209.42000, 37.64000,   0.00000, 90.00000, 0.00000);
CreateObject(19447, -2182.68994, -211.56000, 37.64000,   0.00000, 90.00000, 0.00000);
CreateObject(19447, -2182.71997, -209.50000, 37.64000,   0.00000, 90.00000, 0.00000);
CreateObject(19447, -2181.41992, -240.39000, 37.64000,   0.00000, 90.00000, 0.00000);
CreateObject(19393, -2184.69995, -249.56000, 39.43000,   0.00000, 0.00000, 0.00000);
CreateObject(19447, -2186.45996, -246.61000, 37.64000,   0.00000, 90.00000, 0.00000);
CreateObject(19447, -2188.37988, -246.60001, 37.64000,   0.00000, 90.00000, 0.00000);
CreateObject(19447, -2184.13989, -240.39999, 37.64000,   0.00000, 90.00000, 0.00000);
CreateObject(19447, -2186.85010, -230.77000, 37.64000,   0.00000, 90.00000, 0.00000);
CreateObject(19447, -2183.37012, -221.14000, 37.64000,   0.00000, 90.00000, 0.00000);
CreateObject(19447, -2183.41992, -230.77000, 37.64000,   0.00000, 90.00000, 0.00000);
CreateObject(19447, -2186.86011, -221.14000, 37.64000,   0.00000, 90.00000, 0.00000);
CreateObject(19447, -2186.14990, -211.57001, 37.64000,   0.00000, 90.00000, 0.00000);
CreateObject(19447, -2188.33008, -211.58000, 37.64000,   0.00000, 90.00000, 0.00000);
CreateObject(19447, -2187.63989, -237.00999, 37.64000,   0.00000, 90.00000, 0.00000);
CreateObject(19447, -2188.30005, -227.41000, 37.64000,   0.00000, 90.00000, 0.00000);
CreateObject(19447, -2188.33008, -219.97000, 37.64000,   0.00000, 90.00000, 0.00000);
CreateObject(19447, -2188.23999, -237.03000, 37.64000,   0.00000, 90.00000, 0.00000);
CreateObject(19447, -2186.15991, -209.50000, 37.64000,   0.00000, 90.00000, 0.00000);
CreateObject(19447, -2188.34009, -209.48000, 37.64000,   0.00000, 90.00000, 0.00000);
CreateObject(2633, -2183.12988, -251.97000, 36.09000,   0.00000, 0.00000, 180.17999);
CreateObject(2633, -2187.33008, -251.98000, 36.09000,   0.00000, 0.00000, 180.17999);
CreateObject(2633, -2188.12012, -252.00999, 36.09000,   0.00000, 0.00000, 180.17999);
CreateObject(2633, -2158.18994, -254.50000, 36.09000,   0.00000, 0.00000, 269.92001);
CreateObject(19456, -2177.28003, -227.87000, 35.98000,   0.00000, 0.00000, 0.00000);
CreateObject(19456, -2172.55005, -232.63000, 35.98000,   0.00000, 0.00000, 90.00000);
CreateObject(19393, -2166.73999, -232.63000, 35.98000,   0.00000, 0.00000, 90.00000);
CreateObject(19364, -2165.17993, -234.78999, 35.98000,   0.00000, 0.00000, 0.00000);
CreateObject(19364, -2165.17993, -234.14999, 35.98000,   0.00000, 0.00000, 0.00000);
CreateObject(19393, -2162.40991, -246.48000, 35.98000,   0.00000, 0.00000, 0.00000);
CreateObject(19364, -2165.21997, -234.70000, 39.46000,   0.00000, 0.00000, 0.00000);
CreateObject(19456, -2170.05005, -233.19000, 39.46000,   0.00000, 0.00000, 90.00000);
CreateObject(19456, -2177.35010, -228.42999, 39.45000,   0.00000, 0.00000, 0.00000);
CreateObject(19456, -2172.62012, -233.19000, 39.46000,   0.00000, 0.00000, 90.00000);
CreateObject(19456, -2177.35010, -218.81000, 39.45000,   0.00000, 0.00000, 0.00000);
CreateObject(19456, -2169.97998, -242.22000, 39.46000,   0.00000, 0.00000, 90.00000);
CreateObject(19364, -2165.21997, -240.99001, 39.47000,   0.00000, 0.00000, 0.00000);
CreateObject(19456, -2182.00000, -233.20000, 39.46000,   0.00000, 0.00000, 90.00000);
CreateObject(19456, -2185.22998, -233.20000, 39.46000,   0.00000, 0.00000, 90.00000);
CreateObject(19456, -2179.82007, -242.23000, 39.46000,   0.00000, 0.00000, 90.00000);
CreateObject(19393, -2184.68994, -243.72000, 39.43000,   0.00000, 0.00000, 0.00000);
CreateObject(19364, -2177.34009, -234.73000, 39.47000,   0.00000, 0.00000, 0.00000);
CreateObject(19393, -2177.33008, -237.89999, 39.43000,   0.00000, 0.00000, 0.00000);
CreateObject(19364, -2177.36011, -240.67999, 39.47000,   0.00000, 0.00000, 0.00000);
CreateObject(19304, -2138.31006, -265.78000, 39.54000,   0.00000, 0.00000, 270.72000);
CreateObject(16327, -2134.25000, -224.64999, 34.30000,   0.00000, 0.00000, 270.70001);
CreateObject(2628, -2110.02002, -230.59000, 34.30000,   0.00000, 0.00000, 0.00000);
CreateObject(2628, -2112.95996, -230.62000, 34.30000,   0.00000, 0.00000, 0.00000);
CreateObject(2628, -2115.94995, -230.60001, 34.30000,   0.00000, 0.00000, 0.00000);
CreateObject(2628, -2119.01001, -230.63000, 34.30000,   0.00000, 0.00000, 0.00000);
CreateObject(1594, -2132.94995, -232.48000, 34.77000,   0.00000, 0.00000, 0.00000);
CreateObject(1594, -2125.87988, -234.56000, 34.77000,   0.00000, 0.00000, 0.00000);
CreateObject(1594, -2128.88989, -239.82001, 34.77000,   0.00000, 0.00000, 0.00000);
CreateObject(1842, -2151.29004, -269.39001, 34.76000,   0.00000, 0.00000, 0.00000);
CreateObject(1993, -2150.05005, -266.38000, 34.30000,   0.00000, 0.00000, 0.00000);
CreateObject(1994, -2154.38989, -266.37000, 34.30000,   0.00000, 0.00000, 0.00000);
CreateObject(1995, -2142.27002, -266.39999, 34.30000,   0.00000, 0.00000, 0.00000);
CreateObject(1993, -2149.09009, -266.37000, 34.30000,   0.00000, 0.00000, 0.00000);
CreateObject(1993, -2148.11011, -266.38000, 34.30000,   0.00000, 0.00000, 0.00000);
CreateObject(1993, -2147.12988, -266.38000, 34.30000,   0.00000, 0.00000, 0.00000);
CreateObject(1993, -2146.14990, -266.38000, 34.30000,   0.00000, 0.00000, 0.00000);
CreateObject(1993, -2145.22998, -266.39001, 34.30000,   0.00000, 0.00000, 0.00000);
CreateObject(1842, -2145.62988, -269.42999, 34.76000,   0.00000, 0.00000, 0.00000);
CreateObject(1993, -2144.23999, -266.39001, 34.30000,   0.00000, 0.00000, 0.00000);
CreateObject(1993, -2143.27002, -266.39001, 34.30000,   0.00000, 0.00000, 0.00000);
CreateObject(1993, -2151.03003, -266.37000, 34.30000,   0.00000, 0.00000, 0.00000);
CreateObject(1993, -2152.03003, -266.37000, 34.30000,   0.00000, 0.00000, 0.00000);
CreateObject(1993, -2152.98999, -266.37000, 34.30000,   0.00000, 0.00000, 0.00000);
CreateObject(1993, -2153.62988, -266.35999, 34.30000,   0.00000, 0.00000, 0.00000);
CreateObject(1594, -2151.37988, -257.91000, 34.77000,   0.00000, 0.00000, 0.00000);
CreateObject(1594, -2151.37988, -261.76001, 34.77000,   0.00000, 0.00000, 0.00000);
CreateObject(1594, -2154.23999, -260.00000, 34.77000,   0.00000, 0.00000, 0.00000);
CreateObject(19364, -2176.12988, -240.56000, 35.91000,   0.00000, 0.00000, 0.00000);
CreateObject(19364, -2177.80005, -239.03999, 35.97000,   0.00000, 0.00000, 90.00000);
CreateObject(19364, -2180.98999, -239.03999, 35.94000,   0.00000, 0.00000, 90.00000);
CreateObject(19364, -2182.50000, -240.72000, 35.96000,   0.00000, 0.00000, 0.00000);
CreateObject(19393, -2182.47998, -243.89999, 35.95000,   0.00000, 0.00000, 0.00000);
CreateObject(19437, -2183.22998, -243.03000, 35.96000,   0.00000, 0.00000, 270.38000);
CreateObject(19437, -2183.98999, -243.05000, 35.95000,   0.00000, 0.00000, 270.38000);
CreateObject(2527, -2181.97998, -240.59000, 34.30000,   0.00000, 0.00000, 0.00000);
CreateObject(2527, -2181.09009, -240.60001, 34.30000,   0.00000, 0.00000, 0.00000);
CreateObject(2527, -2180.19995, -240.61000, 34.30000,   0.00000, 0.00000, 0.00000);
CreateObject(2527, -2179.32007, -240.60001, 34.30000,   0.00000, 0.00000, 0.00000);
CreateObject(2527, -2178.43994, -240.62000, 34.30000,   0.00000, 0.00000, 0.00000);
CreateObject(2527, -2177.56006, -240.62000, 34.30000,   0.00000, 0.00000, 0.00000);
CreateObject(2527, -2177.70996, -241.85001, 34.30000,   0.00000, 0.00000, 270.57001);
CreateObject(2527, -2177.70996, -242.75000, 34.30000,   0.00000, 0.00000, 270.57001);
CreateObject(2527, -2177.69995, -243.64999, 34.30000,   0.00000, 0.00000, 270.57001);
CreateObject(2527, -2177.69995, -244.55000, 34.30000,   0.00000, 0.00000, 270.57001);
CreateObject(2602, -2179.42993, -244.82001, 34.78000,   0.00000, 0.00000, 180.03000);
CreateObject(2602, -2180.79004, -244.78000, 34.78000,   0.00000, 0.00000, 180.03000);
CreateObject(19364, -2185.21997, -243.02000, 35.94000,   0.00000, 0.00000, 90.00000);
CreateObject(19393, -2188.38989, -243.02000, 35.97000,   0.00000, 0.00000, 90.00000);
CreateObject(19437, -2183.34009, -239.07001, 35.97000,   0.00000, 0.00000, 270.38000);
CreateObject(19364, -2185.75000, -239.07001, 35.93000,   0.00000, 0.00000, 90.00000);
CreateObject(19393, -2188.37012, -239.06000, 35.97000,   0.00000, 0.00000, 90.00000);
CreateObject(19364, -2184.71997, -240.69000, 35.93000,   0.00000, 0.00000, 0.00000);
CreateObject(19393, -2184.71997, -243.89999, 35.98000,   0.00000, 0.00000, 0.00000);
CreateObject(1999, -2187.10010, -240.85001, 34.30000,   0.00000, 0.00000, 92.02000);
CreateObject(1671, -2186.01001, -240.36000, 34.72000,   0.00000, 0.00000, 234.42000);
CreateObject(2206, -2181.46997, -219.03999, 34.20000,   0.00000, 0.00000, 89.81000);
CreateObject(2206, -2181.45996, -216.34000, 34.20000,   0.00000, 0.00000, 89.81000);
CreateObject(2206, -2181.48999, -221.82001, 34.20000,   0.00000, 0.00000, 89.81000);
CreateObject(2206, -2180.78003, -214.49001, 34.20000,   0.00000, 0.00000, 269.91000);
CreateObject(19364, -2180.17993, -206.27000, 35.98000,   0.00000, 0.00000, 0.00000);
CreateObject(19364, -2184.54004, -206.28000, 35.98000,   0.00000, 0.00000, 0.00000);
CreateObject(1649, -2182.36011, -207.86000, 35.88000,   0.00000, 0.00000, 0.00000);
CreateObject(2602, -2180.93994, -205.07001, 34.74000,   0.00000, 0.00000, 0.00000);
CreateObject(19437, -2179.32007, -207.78000, 35.98000,   0.00000, 0.00000, 90.00000);
CreateObject(19437, -2178.20996, -207.78000, 35.98000,   0.00000, 0.00000, 90.00000);
CreateObject(19364, -2178.78003, -223.19000, 35.98000,   0.00000, 0.00000, 90.00000);
CreateObject(19364, -2181.97998, -223.21001, 35.98000,   0.00000, 0.00000, 90.00000);
CreateObject(1671, -2182.57007, -219.25000, 34.73000,   0.00000, 0.00000, 82.89000);
CreateObject(1771, -2183.83008, -206.02000, 34.86000,   0.00000, 0.00000, 0.00000);
CreateObject(1649, -2186.77002, -207.86000, 35.88000,   0.00000, 0.00000, 0.00000);
CreateObject(19364, -2188.95996, -206.25000, 35.98000,   0.00000, 0.00000, 0.00000);
CreateObject(1771, -2188.19995, -205.99001, 34.86000,   0.00000, 0.00000, 0.00000);
CreateObject(2602, -2185.71997, -205.08000, 34.74000,   0.00000, 0.00000, 0.00000);
CreateObject(19437, -2189.67993, -207.83000, 35.98000,   0.00000, 0.00000, 90.00000);
CreateObject(1649, -2182.35010, -207.78000, 35.88000,   0.00000, 0.00000, 180.02000);
CreateObject(1649, -2186.79004, -207.84000, 35.88000,   0.00000, 0.00000, 179.77000);
CreateObject(2206, -2180.78003, -217.33000, 34.20000,   0.00000, 0.00000, 269.91000);
CreateObject(2206, -2180.77002, -219.94000, 34.20000,   0.00000, 0.00000, 269.91000);
CreateObject(1671, -2182.60010, -221.03000, 34.73000,   0.00000, 0.00000, 101.04000);
CreateObject(1671, -2182.60010, -217.28999, 34.73000,   0.00000, 0.00000, 109.95000);
CreateObject(1671, -2182.47998, -215.36000, 34.73000,   0.00000, 0.00000, 82.89000);
CreateObject(19364, -2181.85010, -213.31000, 35.98000,   0.00000, 0.00000, 90.00000);
CreateObject(19393, -2179.06006, -213.30000, 35.98000,   0.00000, 0.00000, 90.00000);
CreateObject(19456, -2183.51001, -218.48000, 35.98000,   0.00000, 0.00000, 0.00000);
CreateObject(2612, -2183.37012, -216.81000, 36.10000,   0.00000, 0.00000, 89.98000);
CreateObject(2611, -2183.32007, -220.50999, 35.90000,   0.00000, 0.00000, 90.00000);
CreateObject(19364, -2183.52002, -214.82001, 35.98000,   0.00000, 0.00000, 0.00000);
CreateObject(14401, -2188.21997, -211.67999, 34.30000,   0.00000, 0.00000, 0.00000);
CreateObject(2616, -2177.51001, -211.28000, 35.66000,   0.00000, 0.00000, 269.84000);
CreateObject(2604, -2185.41992, -216.02000, 35.07000,   0.00000, 0.00000, 0.00000);
CreateObject(19364, -2185.20996, -223.21001, 35.98000,   0.00000, 0.00000, 90.00000);
CreateObject(19364, -2186.72998, -221.70000, 35.98000,   0.00000, 0.00000, 0.00000);
CreateObject(19364, -2185.06006, -220.17999, 35.98000,   0.00000, 0.00000, 90.00000);
CreateObject(2612, -2185.21997, -220.05000, 36.10000,   0.00000, 0.00000, 179.89000);
CreateObject(2145, -2183.03003, -213.03000, 34.30000,   0.00000, 0.00000, 180.50999);
CreateObject(2145, -2182.33008, -213.02000, 34.30000,   0.00000, 0.00000, 180.50999);
CreateObject(2145, -2181.63989, -213.00000, 34.30000,   0.00000, 0.00000, 180.50999);
CreateObject(2145, -2180.93994, -213.00999, 34.30000,   0.00000, 0.00000, 180.50999);
CreateObject(1502, -2179.86011, -213.31000, 34.30000,   0.00000, 0.00000, 0.00000);
CreateObject(1502, -2177.37012, -215.75999, 34.30000,   0.00000, 0.00000, 89.70000);
CreateObject(1502, -2177.35010, -222.11000, 34.30000,   0.00000, 0.00000, 89.70000);
CreateObject(19437, -2184.45996, -204.62000, 35.98000,   0.00000, 0.00000, 90.00000);
CreateObject(19410, -2186.12012, -204.58000, 35.98000,   0.00000, 0.00000, 90.00000);
CreateObject(19304, -2186.37012, -204.55000, 36.19000,   0.00000, 0.00000, 0.00000);
CreateObject(1647, -2184.58008, -262.22000, 38.32000,   0.00000, 0.00000, 0.00000);
CreateObject(1771, -2184.45996, -262.14999, 38.33000,   0.00000, 0.00000, 0.00000);
CreateObject(1771, -2183.01001, -262.10999, 38.33000,   0.00000, 0.00000, 0.00000);
CreateObject(1771, -2178.10010, -262.10999, 38.33000,   0.00000, 0.00000, 0.00000);
CreateObject(1771, -2176.77002, -262.13000, 38.33000,   0.00000, 0.00000, 0.00000);
CreateObject(1771, -2173.33008, -262.10999, 38.33000,   0.00000, 0.00000, 0.00000);
CreateObject(1771, -2168.40991, -262.10001, 38.33000,   0.00000, 0.00000, 0.00000);
CreateObject(1771, -2167.02002, -262.10001, 38.33000,   0.00000, 0.00000, 0.00000);
CreateObject(1771, -2162.01001, -262.16000, 38.33000,   0.00000, 0.00000, 0.00000);
CreateObject(1771, -2160.53003, -262.10001, 38.33000,   0.00000, 0.00000, 0.00000);
CreateObject(1771, -2158.85010, -269.01001, 38.33000,   0.00000, 0.00000, 0.00000);
CreateObject(1771, -2163.68994, -268.98999, 38.33000,   0.00000, 0.00000, 0.00000);
CreateObject(1771, -2165.15991, -269.01001, 38.33000,   0.00000, 0.00000, 0.00000);
CreateObject(1771, -2170.08008, -269.04999, 38.33000,   0.00000, 0.00000, 0.00000);
CreateObject(1771, -2171.52002, -268.98999, 38.33000,   0.00000, 0.00000, 0.00000);
CreateObject(1771, -2174.63989, -268.95001, 38.33000,   0.00000, 0.00000, 0.00000);
CreateObject(1771, -2179.71997, -268.98001, 38.33000,   0.00000, 0.00000, 0.00000);
CreateObject(1771, -2181.27002, -269.00000, 38.33000,   0.00000, 0.00000, 0.00000);
CreateObject(1771, -2184.31006, -269.00000, 38.33000,   0.00000, 0.00000, 0.00000);
CreateObject(1647, -2168.44995, -262.14999, 38.32000,   0.00000, 0.00000, 0.00000);
CreateObject(1647, -2179.52002, -269.04999, 38.32000,   0.00000, 0.00000, 0.00000);
CreateObject(1647, -2178.27002, -262.17001, 38.32000,   0.00000, 0.00000, 0.00000);
CreateObject(1647, -2181.42993, -268.98001, 38.32000,   0.00000, 0.00000, 0.00000);
CreateObject(1647, -2184.52002, -269.01999, 38.32000,   0.00000, 0.00000, 0.00000);
CreateObject(1647, -2182.86011, -262.04001, 38.32000,   0.00000, 0.00000, 0.00000);
CreateObject(1647, -2168.51001, -262.17999, 38.32000,   0.00000, 0.00000, 0.00000);
CreateObject(1647, -2171.33008, -269.09000, 38.32000,   0.00000, 0.00000, 0.00000);
CreateObject(1647, -2173.23999, -262.12000, 38.32000,   0.00000, 0.00000, 0.00000);
CreateObject(1647, -2174.66992, -268.98001, 38.32000,   0.00000, 0.00000, 0.00000);
CreateObject(1647, -2165.15991, -269.00000, 38.32000,   0.00000, 0.00000, 0.00000);
CreateObject(1647, -2159.01001, -268.94000, 38.32000,   0.00000, 0.00000, 0.00000);
CreateObject(1647, -2160.77002, -262.17001, 38.32000,   0.00000, 0.00000, 0.00000);
CreateObject(1647, -2162.01001, -262.26999, 38.32000,   0.00000, 0.00000, 0.00000);
CreateObject(1647, -2166.87012, -262.29999, 38.32000,   0.00000, 0.00000, 0.00000);
CreateObject(1647, -2167.35010, -259.89999, 38.34000,   0.00000, 0.00000, 268.51001);
CreateObject(1771, -2167.29004, -259.95001, 38.33000,   0.00000, 0.00000, 268.89999);
CreateObject(1647, -2160.83008, -259.98999, 38.32000,   0.00000, 0.00000, 268.51001);
CreateObject(1647, -2173.40991, -259.82999, 38.32000,   0.00000, 0.00000, 268.51001);
CreateObject(1647, -2179.93994, -260.04001, 38.32000,   0.00000, 0.00000, 268.51001);
CreateObject(1771, -2160.78003, -260.00000, 38.33000,   0.00000, 0.00000, 270.09000);
CreateObject(1771, -2160.78003, -260.00000, 39.40000,   0.00000, 0.00000, 270.09000);
CreateObject(1647, -2160.72998, -260.04001, 39.40000,   0.00000, 0.00000, 268.51001);
CreateObject(1771, -2167.29004, -259.95001, 39.41000,   0.00000, 0.00000, 268.89999);
CreateObject(1647, -2167.18994, -260.01999, 39.44000,   0.00000, 0.00000, 268.51001);
CreateObject(1771, -2173.55005, -259.95999, 38.33000,   0.00000, 0.00000, 268.89999);
CreateObject(1771, -2173.55005, -259.95999, 39.33000,   0.00000, 0.00000, 268.89999);
CreateObject(1647, -2173.53003, -259.85999, 39.35000,   0.00000, 0.00000, 268.51001);
CreateObject(1771, -2179.91992, -260.09000, 38.33000,   0.00000, 0.00000, 268.89999);
CreateObject(1771, -2179.91992, -260.09000, 39.38000,   0.00000, 0.00000, 268.89999);
CreateObject(1647, -2179.90991, -259.98999, 39.41000,   0.00000, 0.00000, 268.51001);
CreateObject(2518, -2182.23999, -269.81000, 37.71000,   0.00000, 0.00000, 180.03000);
CreateObject(2518, -2185.48999, -269.82001, 37.71000,   0.00000, 0.00000, 180.03000);
CreateObject(2518, -2175.71997, -269.84000, 37.71000,   0.00000, 0.00000, 180.03000);
CreateObject(2518, -2177.73999, -269.84000, 37.71000,   0.00000, 0.00000, 180.03000);
CreateObject(2518, -2172.62012, -269.82999, 37.71000,   0.00000, 0.00000, 180.03000);
CreateObject(2518, -2168.00000, -269.79999, 37.71000,   0.00000, 0.00000, 180.03000);
CreateObject(2518, -2166.26001, -269.85999, 37.71000,   0.00000, 0.00000, 180.03000);
CreateObject(2518, -2161.38989, -269.84000, 37.71000,   0.00000, 0.00000, 180.03000);
CreateObject(2518, -2159.72998, -269.85001, 37.71000,   0.00000, 0.00000, 180.03000);
CreateObject(2518, -2164.00000, -261.28000, 37.83000,   0.00000, 0.00000, 0.00000);
CreateObject(2518, -2159.55005, -261.28000, 37.83000,   0.00000, 0.00000, 0.00000);
CreateObject(2518, -2166.19995, -261.29001, 37.83000,   0.00000, 0.00000, 0.00000);
CreateObject(2518, -2170.34009, -261.26999, 37.83000,   0.00000, 0.00000, 0.00000);
CreateObject(2518, -2172.30005, -261.23001, 37.83000,   0.00000, 0.00000, 0.00000);
CreateObject(2518, -2175.65991, -261.28000, 37.83000,   0.00000, 0.00000, 0.00000);
CreateObject(2518, -2180.01001, -261.26999, 37.83000,   0.00000, 0.00000, 0.00000);
CreateObject(2518, -2181.96997, -261.26001, 37.83000,   0.00000, 0.00000, 0.00000);
CreateObject(2518, -2186.59009, -261.29001, 37.83000,   0.00000, 0.00000, 0.00000);
CreateObject(2518, -2182.63989, -260.10999, 37.71000,   0.00000, 0.00000, 180.03000);
CreateObject(2518, -2175.91992, -260.17999, 37.71000,   0.00000, 0.00000, 180.03000);
CreateObject(2518, -2169.84009, -260.17999, 37.71000,   0.00000, 0.00000, 180.03000);
CreateObject(2518, -2163.45996, -260.14001, 37.71000,   0.00000, 0.00000, 180.03000);
CreateObject(2514, -2163.71997, -258.09000, 37.73000,   0.00000, 0.00000, 0.00000);
CreateObject(2514, -2170.58008, -258.10001, 37.73000,   0.00000, 0.00000, 0.00000);
CreateObject(2514, -2176.47998, -258.07999, 37.73000,   0.00000, 0.00000, 0.00000);
CreateObject(2514, -2183.19995, -258.04999, 37.73000,   0.00000, 0.00000, 0.00000);
CreateObject(11631, -2166.02002, -239.88000, 38.96000,   0.00000, 0.00000, 270.01001);
CreateObject(1998, -2170.27002, -241.75000, 37.73000,   0.00000, 0.00000, 0.00000);
CreateObject(1998, -2174.14990, -241.77000, 37.73000,   0.00000, 0.00000, 0.00000);
CreateObject(1998, -2174.12988, -239.80000, 37.73000,   0.00000, 0.00000, 0.00000);
CreateObject(1998, -2170.27002, -239.80000, 37.73000,   0.00000, 0.00000, 0.00000);
CreateObject(1671, -2173.23999, -241.61000, 38.17000,   0.00000, 0.00000, 160.14000);
CreateObject(1671, -2173.14990, -239.67999, 38.17000,   0.00000, 0.00000, 197.36000);
CreateObject(1671, -2169.41992, -241.44000, 38.17000,   0.00000, 0.00000, 197.36000);
CreateObject(1671, -2169.47998, -239.77000, 38.17000,   0.00000, 0.00000, 142.55000);
CreateObject(2616, -2172.96997, -233.33000, 39.23000,   0.00000, 0.00000, 0.00000);
CreateObject(2616, -2171.07007, -233.32001, 39.23000,   0.00000, 0.00000, 0.00000);
CreateObject(2612, -2167.48999, -233.33000, 39.31000,   0.00000, 0.00000, 0.00000);
CreateObject(2611, -2165.37012, -236.94000, 39.27000,   0.00000, 0.00000, 269.98999);
CreateObject(11631, -2176.59009, -235.61000, 38.96000,   0.00000, 0.00000, 88.99000);
CreateObject(1998, -2170.22998, -237.85001, 37.73000,   0.00000, 0.00000, 0.00000);
CreateObject(1502, -2177.29004, -238.67000, 37.73000,   0.00000, 0.00000, 89.67000);
CreateObject(1502, -2184.66992, -244.47000, 37.73000,   0.00000, 0.00000, 89.67000);
CreateObject(19456, -2182.16992, -236.37000, 39.46000,   0.00000, 0.00000, 90.00000);
CreateObject(19456, -2185.21997, -236.37000, 39.46000,   0.00000, 0.00000, 90.00000);
CreateObject(1299, -2178.47998, -244.11000, 38.10000,   0.00000, 0.00000, 0.00000);
CreateObject(1299, -2180.64990, -244.78999, 38.10000,   0.00000, 0.00000, 0.00000);
CreateObject(1778, -2181.21997, -243.52000, 37.73000,   0.00000, 0.00000, 0.00000);
CreateObject(1778, -2182.89990, -242.52000, 37.73000,   0.00000, 0.00000, 77.51000);
CreateObject(947, -2113.97998, -250.39999, 36.47000,   0.00000, 0.00000, 0.00000);
CreateObject(2114, -2113.76001, -241.89999, 34.49000,   0.00000, 0.00000, 0.00000);
CreateObject(2114, -2117.43994, -246.67000, 34.49000,   0.00000, 0.00000, 0.00000);
CreateObject(19364, -2136.62012, -245.92999, 33.79000,   0.00000, 0.00000, 90.00000);
CreateObject(19364, -2135.18994, -245.92000, 33.79000,   0.00000, 0.00000, 90.00000);
CreateObject(19364, -2136.65991, -250.06000, 33.79000,   0.00000, 0.00000, 90.00000);
CreateObject(19364, -2135.17993, -250.07001, 33.79000,   0.00000, 0.00000, 90.00000);
CreateObject(19364, -2133.64990, -248.53999, 33.79000,   0.00000, 0.00000, 0.00000);
CreateObject(19364, -2133.64990, -247.45000, 33.79000,   0.00000, 0.00000, 0.00000);
CreateObject(16327, -2135.12012, -248.58000, 23.08000,   0.00000, 0.00000, 0.00000);
CreateObject(16327, -2135.12012, -247.19000, 23.08000,   0.00000, 0.00000, 0.00000);
CreateObject(16327, -2136.97998, -247.25000, 23.15000,   0.00000, 0.00000, 0.00000);
CreateObject(16327, -2136.98999, -248.45000, 23.15000,   0.00000, 0.00000, 0.00000);
CreateObject(19447, -2179.20996, -209.42000, 41.14000,   0.00000, 90.00000, 0.00000);
CreateObject(19447, -2182.70996, -209.42000, 41.18000,   0.00000, 90.00000, 0.00000);
CreateObject(19447, -2186.17993, -209.42000, 41.18000,   0.00000, 90.00000, 0.00000);
CreateObject(19447, -2188.36011, -209.42000, 41.18000,   0.00000, 90.00000, 0.00000);
CreateObject(19447, -2188.36011, -219.05000, 41.18000,   0.00000, 90.00000, 0.00000);
CreateObject(19447, -2188.36011, -228.61000, 41.18000,   0.00000, 90.00000, 0.00000);
CreateObject(19447, -2188.36011, -238.22000, 41.18000,   0.00000, 90.00000, 0.00000);
CreateObject(19447, -2184.87012, -219.03000, 41.18000,   0.00000, 90.00000, 0.00000);
CreateObject(19447, -2181.39990, -219.02000, 41.18000,   0.00000, 90.00000, 0.00000);
CreateObject(19447, -2179.11011, -219.00999, 41.18000,   0.00000, 90.00000, 0.00000);
CreateObject(19447, -2179.11011, -228.63000, 41.18000,   0.00000, 90.00000, 0.00000);
CreateObject(19447, -2182.52002, -228.64000, 41.18000,   0.00000, 90.00000, 0.00000);
CreateObject(19447, -2185.65991, -228.64000, 41.18000,   0.00000, 90.00000, 0.00000);
CreateObject(19447, -2184.88989, -238.21001, 41.18000,   0.00000, 90.00000, 0.00000);
CreateObject(19447, -2181.43994, -238.21001, 41.18000,   0.00000, 90.00000, 0.00000);
CreateObject(19447, -2178.08008, -237.98000, 41.18000,   0.00000, 90.00000, 0.00000);
CreateObject(19447, -2174.58008, -237.97000, 41.18000,   0.00000, 90.00000, 0.00000);
CreateObject(19447, -2171.11011, -237.94000, 41.18000,   0.00000, 90.00000, 0.00000);
CreateObject(19447, -2167.62012, -237.95000, 41.18000,   0.00000, 90.00000, 0.00000);
CreateObject(19447, -2164.13989, -237.96001, 41.18000,   0.00000, 90.00000, 0.00000);
CreateObject(19447, -2161.14990, -237.99001, 41.18000,   0.00000, 90.00000, 0.00000);
CreateObject(19447, -2188.38989, -247.53000, 41.18000,   0.00000, 90.00000, 0.00000);
CreateObject(19447, -2172.68994, -224.74001, 41.18000,   0.00000, 90.00000, 269.88000);
CreateObject(19447, -2164.20996, -224.74001, 41.18000,   0.00000, 90.00000, 269.88000);
CreateObject(19447, -2164.20996, -228.24001, 41.18000,   0.00000, 90.00000, 269.88000);
CreateObject(19447, -2172.60010, -228.17999, 41.18000,   0.00000, 90.00000, 269.88000);
CreateObject(19447, -2172.59009, -231.60001, 41.18000,   0.00000, 90.00000, 269.88000);
CreateObject(19447, -2164.20996, -231.72000, 41.18000,   0.00000, 90.00000, 269.88000);
CreateObject(19447, -2184.82007, -247.50000, 41.18000,   0.00000, 90.00000, 0.00000);
CreateObject(19447, -2181.37988, -247.47000, 41.18000,   0.00000, 90.00000, 0.00000);
CreateObject(19447, -2177.91992, -247.46001, 41.18000,   0.00000, 90.00000, 0.00000);
CreateObject(19447, -2174.56006, -247.45000, 41.18000,   0.00000, 90.00000, 0.00000);
CreateObject(19447, -2171.16992, -247.48000, 41.18000,   0.00000, 90.00000, 0.00000);
CreateObject(19447, -2167.73999, -247.46001, 41.18000,   0.00000, 90.00000, 0.00000);
CreateObject(19447, -2164.26001, -247.42000, 41.18000,   0.00000, 90.00000, 0.00000);
CreateObject(19447, -2161.15991, -247.39999, 41.18000,   0.00000, 90.00000, 0.00000);
CreateObject(19447, -2161.12988, -256.98999, 41.18000,   0.00000, 90.00000, 0.00000);
CreateObject(19447, -2164.52002, -256.98999, 41.18000,   0.00000, 90.00000, 0.00000);
CreateObject(19447, -2167.93994, -256.97000, 41.18000,   0.00000, 90.00000, 0.00000);
CreateObject(19447, -2171.34009, -256.98001, 41.18000,   0.00000, 90.00000, 0.00000);
CreateObject(19447, -2174.71997, -256.95999, 41.18000,   0.00000, 90.00000, 0.00000);
CreateObject(19447, -2178.13989, -256.95001, 41.18000,   0.00000, 90.00000, 0.00000);
CreateObject(19447, -2181.56006, -256.92001, 41.18000,   0.00000, 90.00000, 0.00000);
CreateObject(19447, -2184.96997, -256.91000, 41.18000,   0.00000, 90.00000, 0.00000);
CreateObject(19447, -2188.35010, -256.91000, 41.18000,   0.00000, 90.00000, 0.00000);
CreateObject(19447, -2188.34009, -266.51999, 41.18000,   0.00000, 90.00000, 0.00000);
CreateObject(19447, -2184.92993, -265.62000, 41.18000,   0.00000, 90.00000, 0.00000);
CreateObject(19447, -2181.50000, -265.60999, 41.18000,   0.00000, 90.00000, 0.00000);
CreateObject(19447, -2178.03003, -265.60001, 41.18000,   0.00000, 90.00000, 0.00000);
CreateObject(19447, -2174.57007, -265.60999, 41.18000,   0.00000, 90.00000, 0.00000);
CreateObject(19447, -2171.06006, -265.57999, 41.18000,   0.00000, 90.00000, 0.00000);
CreateObject(19447, -2167.62988, -265.60001, 41.18000,   0.00000, 90.00000, 0.00000);
CreateObject(19447, -2164.16992, -265.60999, 41.18000,   0.00000, 90.00000, 0.00000);
CreateObject(19447, -2160.71997, -265.60999, 41.18000,   0.00000, 90.00000, 0.00000);
CreateObject(19447, -2157.20996, -265.60001, 41.18000,   0.00000, 90.00000, 0.00000);
CreateObject(19447, -2153.71997, -265.60001, 41.18000,   0.00000, 90.00000, 0.00000);
CreateObject(19447, -2150.25000, -265.62000, 41.18000,   0.00000, 90.00000, 0.00000);
CreateObject(19447, -2146.84009, -265.62000, 41.18000,   0.00000, 90.00000, 0.00000);
CreateObject(19447, -2143.38989, -265.62000, 41.18000,   0.00000, 90.00000, 0.00000);
CreateObject(19447, -2140.07007, -265.59000, 41.18000,   0.00000, 90.00000, 0.00000);
CreateObject(19447, -2188.36011, -268.70001, 41.18000,   0.00000, 90.00000, 0.00000);
CreateObject(19447, -2157.67993, -256.00000, 41.18000,   0.00000, 90.00000, 0.00000);
CreateObject(19447, -2154.20996, -256.01999, 41.18000,   0.00000, 90.00000, 0.00000);
CreateObject(19447, -2150.75000, -256.01999, 41.18000,   0.00000, 90.00000, 0.00000);
CreateObject(19447, -2147.31006, -256.03000, 41.18000,   0.00000, 90.00000, 0.00000);
CreateObject(19447, -2143.83008, -256.04999, 41.18000,   0.00000, 90.00000, 0.00000);
CreateObject(19447, -2141.07007, -256.04001, 41.18000,   0.00000, 90.00000, 0.00000);
CreateObject(19447, -2140.09009, -256.07999, 41.18000,   0.00000, 90.00000, 0.00000);
CreateObject(19447, -2139.89526, -245.51814, 44.52438,   0.00000, 90.00000, 0.00000);
CreateObject(19447, -2143.54004, -246.39999, 41.18000,   0.00000, 90.00000, 0.00000);
CreateObject(19447, -2147.04004, -246.42000, 41.18000,   0.00000, 90.00000, 0.00000);
CreateObject(19447, -2150.50000, -246.38000, 41.18000,   0.00000, 90.00000, 0.00000);
CreateObject(19447, -2153.93994, -246.37000, 41.18000,   0.00000, 90.00000, 0.00000);
CreateObject(19447, -2157.39990, -246.38000, 41.18000,   0.00000, 90.00000, 0.00000);
CreateObject(19447, -2160.73999, -246.41000, 41.18000,   0.00000, 90.00000, 0.00000);
CreateObject(19447, -2157.64990, -236.86000, 41.18000,   0.00000, 90.00000, 0.00000);
CreateObject(19447, -2154.19995, -236.89999, 41.18000,   0.00000, 90.00000, 0.00000);
CreateObject(19447, -2150.75000, -236.92000, 41.18000,   0.00000, 90.00000, 0.00000);
CreateObject(19447, -2147.26001, -236.92999, 41.18000,   0.00000, 90.00000, 0.00000);
CreateObject(19447, -2143.76001, -236.95000, 41.18000,   0.00000, 90.00000, 0.00000);
CreateObject(19447, -2140.31006, -236.84000, 41.18000,   0.00000, 90.00000, 0.00000);
CreateObject(19447, -2140.05005, -236.84000, 41.18000,   0.00000, 90.00000, 0.00000);
CreateObject(19447, -2140.06006, -230.39999, 41.18000,   0.00000, 90.00000, 0.00000);
CreateObject(19447, -2143.51001, -230.39000, 41.18000,   0.00000, 90.00000, 0.00000);
CreateObject(19447, -2146.97998, -230.39000, 41.18000,   0.00000, 90.00000, 0.00000);
CreateObject(19447, -2150.41992, -230.41000, 41.18000,   0.00000, 90.00000, 0.00000);
CreateObject(19447, -2153.84009, -230.39999, 41.18000,   0.00000, 90.00000, 0.00000);
CreateObject(19447, -2157.30005, -230.37000, 41.18000,   0.00000, 90.00000, 0.00000);
CreateObject(19447, -2160.77002, -230.38000, 41.18000,   0.00000, 90.00000, 0.00000);
CreateObject(1502, -2165.49023, -223.09000, 34.30000,   0.00000, 0.00000, 180.22000);
CreateObject(1502, -2165.98999, -232.62000, 34.30000,   0.00000, 0.00000, 180.22000);
CreateObject(19410, -2165.37988, -224.67999, 35.98000,   0.00000, 0.00000, 0.00000);
CreateObject(19410, -2165.37012, -227.87000, 35.98000,   0.00000, 0.00000, 0.00000);
CreateObject(19393, -2165.36011, -231.00000, 35.98000,   0.00000, 0.00000, 0.00000);
CreateObject(1502, -2165.42993, -230.20000, 34.30000,   0.00000, 0.00000, 270.16000);
CreateObject(1649, -2165.44995, -228.03999, 35.28000,   0.00000, 0.00000, 270.04999);
CreateObject(1649, -2165.38989, -225.30000, 35.28000,   0.00000, 0.00000, 270.04999);
CreateObject(1649, -2165.38989, -225.30000, 35.28000,   0.00000, 0.00000, 90.01000);
CreateObject(1649, -2165.44995, -228.03999, 35.28000,   0.00000, 0.00000, 90.40000);
CreateObject(1721, -2162.91992, -227.70000, 34.30000,   0.00000, 0.00000, 0.00000);
CreateObject(1721, -2161.96997, -227.62000, 34.30000,   0.00000, 0.00000, 0.00000);
CreateObject(1721, -2162.31006, -224.89999, 34.30000,   0.00000, 0.00000, 180.58000);
CreateObject(2637, -2162.31006, -226.23000, 34.67000,   0.00000, 0.00000, 0.00000);
CreateObject(19364, -2163.56006, -232.64000, 35.98000,   0.00000, 0.00000, 90.00000);
CreateObject(19364, -2160.79004, -232.64000, 35.98000,   0.00000, 0.00000, 90.00000);
CreateObject(18880, -2159.68994, -231.67000, 30.87000,   0.00000, 0.00000, 203.75000);
CreateObject(2059, -2161.95996, -226.24001, 35.09000,   0.00000, 0.00000, 0.00000);
CreateObject(19393, -2171.11011, -224.62000, 35.98000,   0.00000, 0.00000, 0.00000);
CreateObject(19410, -2171.11011, -227.78000, 35.98000,   0.00000, 0.00000, 0.00000);
CreateObject(19410, -2171.09009, -230.97000, 35.98000,   0.00000, 0.00000, 0.00000);
CreateObject(1649, -2171.05005, -227.75999, 35.28000,   0.00000, 0.00000, 90.01000);
CreateObject(1649, -2171.08008, -229.91000, 35.28000,   0.00000, 0.00000, 90.01000);
CreateObject(1502, -2171.14990, -223.84000, 34.30000,   0.00000, 0.00000, 270.16000);
CreateObject(3034, -2171.16992, -228.63000, 36.04000,   0.00000, 0.00000, 270.29999);
CreateObject(3034, -2171.15991, -230.42999, 36.04000,   0.00000, 0.00000, 270.29999);
CreateObject(3034, -2165.35010, -227.00000, 36.17000,   0.00000, 0.00000, 89.97000);
CreateObject(3034, -2165.34009, -225.14999, 36.17000,   0.00000, 0.00000, 89.97000);
CreateObject(2637, -2173.84009, -229.31000, 34.67000,   0.00000, 0.00000, 0.00000);
CreateObject(1721, -2174.21997, -230.59000, 34.30000,   0.00000, 0.00000, 0.00000);
CreateObject(1721, -2173.11011, -228.10001, 34.30000,   0.00000, 0.00000, 176.83000);
CreateObject(2059, -2174.30005, -229.31000, 35.09000,   0.00000, 0.00000, 0.00000);
CreateObject(1721, -2173.98999, -228.03999, 34.30000,   0.00000, 0.00000, 188.09000);
CreateObject(2059, -2173.56006, -229.25000, 35.09000,   0.00000, 0.00000, 313.51999);
CreateObject(19393, -2188.38989, -223.21001, 35.97000,   0.00000, 0.00000, 90.00000);
CreateObject(19302, -2187.04004, -223.32001, 35.51000,   0.00000, 0.00000, 0.00000);
CreateObject(19393, -2169.62012, -234.27000, 35.98000,   0.00000, 0.00000, 0.00000);
CreateObject(19364, -2168.10010, -235.80000, 35.98000,   0.00000, 0.00000, 90.00000);
CreateObject(19364, -2166.81006, -235.80000, 35.98000,   0.00000, 0.00000, 90.00000);
CreateObject(3265, -2169.67993, -233.14999, 33.86000,   0.00000, 0.00000, 267.39001);
CreateObject(3265, -2189.56006, -223.25999, 33.81000,   0.00000, 0.00000, 0.00000);
CreateObject(3265, -2189.59009, -243.07001, 33.89000,   0.00000, 0.00000, 0.00000);
CreateObject(3265, -2189.61011, -239.12000, 33.89000,   0.00000, 0.00000, 0.00000);
CreateObject(969, -2126.80005, -81.16000, 34.50000,   0.00000, 0.00000, 0.00000);
CreateObject(969, -2135.84009, -81.14000, 34.48000,   0.00000, 0.00000, 0.00000);
CreateObject(11091, -2135.88989, -188.92000, 36.13000,   0.00000, 0.00000, 0.00000);
CreateObject(11091, -2119.20996, -188.89999, 36.13000,   0.00000, 0.00000, 0.00000);
CreateObject(2186, -2184.20996, -218.46001, 34.30000,   0.00000, 0.00000, 270.45999);
CreateObject(19364, -2138.35742, -248.85579, 42.85500,   0.00000, 0.00000, 0.35273);
CreateObject(19364, -2138.33496, -242.46661, 42.85500,   0.00000, 0.00000, 0.35273);
CreateObject(19447, -2140.06006, -246.42000, 41.18000,   0.00000, 90.00000, 0.00000);
CreateObject(1649, -2138.29785, -245.59155, 42.50850,   0.00000, 0.00000, 270.00000);
CreateObject(19364, -2141.60718, -248.81729, 42.85500,   0.00000, 0.00000, 0.35273);
CreateObject(19364, -2141.61597, -242.49971, 42.85500,   0.00000, 0.00000, 0.35273);
CreateObject(19364, -2140.06982, -241.00243, 42.85500,   0.00000, 0.00000, 271.42804);
CreateObject(19364, -2140.04102, -250.34772, 42.85500,   0.00000, 0.00000, 269.82819);
CreateObject(19447, -2139.88452, -245.33459, 44.24240,   0.00000, 90.00000, 0.00000);
CreateObject(19447, -2139.94287, -245.60983, 44.62740,   0.00000, 90.00000, 0.00000);
CreateObject(19447, -2139.91821, -245.42107, 44.42439,   0.00000, 90.00000, 0.00000);
CreateObject(19447, -2139.88330, -245.75890, 44.26240,   0.00000, 90.00000, 0.00000);
CreateObject(19447, -2139.74951, -245.92200, 44.52438,   0.00000, 90.00000, 0.00000);
CreateObject(19447, -2139.74609, -246.08139, 44.62740,   0.00000, 90.00000, 0.00000);
CreateObject(19393, -2138.29004, -243.28999, 39.40000,   0.00000, 0.00000, 0.00000);
CreateObject(1491, -2141.60815, -244.90709, 41.26573,   0.00000, 0.00000, 269.93057);
CreateObject(2169, -2139.50391, -246.33571, 41.26840,   0.00000, 0.00000, 288.95947);
CreateObject(1752, -2138.94189, -247.34065, 42.04090,   0.00000, 0.00000, 267.80551);
CreateObject(3124, -2139.38037, -246.46500, 41.91000,   -8.26000, 29.94000, 35.24770);
CreateObject(19447, -2139.88379, -245.82010, 44.42439,   0.00000, 90.00000, 0.00000);
CreateObject(1715, -2140.22363, -247.08498, 41.26770,   0.00000, 0.00000, 108.00000);
CreateObject(1622, -2176.46997, -223.50397, 37.39639,   0.00000, 0.00000, 91.02358);
CreateObject(19364, -2159.67358, -263.79077, 39.46000,   0.00000, 0.00000, 90.00000);
CreateObject(16327, -2138.76538, -247.10059, 23.15000,   0.00000, 0.00000, 0.00000);
CreateObject(16327, -2138.78296, -248.62102, 23.15000,   0.00000, 0.00000, 0.00000);
CreateObject(19364, -2138.34351, -245.90749, 33.73000,   0.00000, 0.00000, 90.00000);
CreateObject(19364, -2139.86035, -247.43961, 33.73000,   0.00000, 0.00000, 0.00000);
CreateObject(19364, -2139.85156, -248.44408, 33.73000,   0.00000, 0.00000, 0.00000);
CreateObject(19364, -2138.33887, -250.11111, 33.73000,   0.00000, 0.00000, 90.00000);
