RemoveBuildingForPlayer(playerid, 11010, -2113.3203, -186.7969, 40.2813, 0.25);
RemoveBuildingForPlayer(playerid, 11012, -2166.8672, -236.5078, 40.8672, 0.25);
RemoveBuildingForPlayer(playerid, 11048, -2113.3203, -186.7969, 40.2813, 0.25);
RemoveBuildingForPlayer(playerid, 11088, -2166.8750, -236.5156, 40.8594, 0.25);
RemoveBuildingForPlayer(playerid, 11091, -2133.5547, -132.7031, 36.1328, 0.25);
RemoveBuildingForPlayer(playerid, 11270, -2166.8672, -236.5078, 40.8672, 0.25);
RemoveBuildingForPlayer(playerid, 11271, -2127.5469, -269.9609, 41.0000, 0.25);
RemoveBuildingForPlayer(playerid, 11282, -2166.8750, -236.5156, 40.8594, 0.25);
RemoveBuildingForPlayer(playerid, 11376, -2144.3516, -132.9609, 38.3359, 0.25);
RemoveBuildingForPlayer(playerid, 11081, -2127.5469, -269.9609, 41.0000, 0.25);
RemoveBuildingForPlayer(playerid, 11011, -2144.3516, -132.9609, 38.3359, 0.25);
RemoveBuildingForPlayer(playerid, 11009, -2128.5391, -142.8438, 39.1406, 0.25);
RemoveBuildingForPlayer(playerid, 11007, -2164.4531, -248.0000, 40.7813, 0.25);
RemoveBuildingForPlayer(playerid, 11085, -2164.4531, -237.6172, 41.4063, 0.25);
RemoveBuildingForPlayer(playerid, 11086, -2164.4531, -237.3906, 43.4219, 0.25);
RemoveBuildingForPlayer(playerid, 11087, -2143.2266, -261.2422, 38.0938, 0.25);
RemoveBuildingForPlayer(playerid, 11089, -2185.5234, -263.9297, 38.7656, 0.25);
RemoveBuildingForPlayer(playerid, 11090, -2158.8203, -266.2344, 36.2266, 0.25);
RemoveBuildingForPlayer(playerid, 1432, -2144.8281, -244.7656, 35.6250, 0.25);
RemoveBuildingForPlayer(playerid, 1438, -2188.6953, -218.3828, 35.5078, 0.25);
RemoveBuildingForPlayer(playerid, 1441, -2184.6484, -226.8750, 36.1641, 0.25);
RemoveBuildingForPlayer(playerid, 1449, -2160.6406, -226.3516, 36.0234, 0.25);
RemoveBuildingForPlayer(playerid, 1450, -2189.4375, -220.4922, 36.0859, 0.25);
RemoveBuildingForPlayer(playerid, 1518, -2147.1797, -241.8750, 36.7422, 0.25);
RemoveBuildingForPlayer(playerid, 918, -2182.4453, -237.6953, 35.8750, 0.25);
RemoveBuildingForPlayer(playerid, 931, -2154.2031, -254.2422, 36.5781, 0.25);
RemoveBuildingForPlayer(playerid, 936, -2139.5078, -244.7813, 35.9922, 0.25);
RemoveBuildingForPlayer(playerid, 937, -2147.2109, -242.0156, 35.9922, 0.25);
RemoveBuildingForPlayer(playerid, 939, -2179.3359, -239.0859, 37.9609, 0.25);
RemoveBuildingForPlayer(playerid, 941, -2175.0547, -248.0469, 35.9922, 0.25);
RemoveBuildingForPlayer(playerid, 942, -2159.0625, -239.0625, 37.9609, 0.25);
RemoveBuildingForPlayer(playerid, 941, -2171.5000, -248.0469, 35.9922, 0.25);
RemoveBuildingForPlayer(playerid, 941, -2167.9688, -248.0469, 35.9922, 0.25);
RemoveBuildingForPlayer(playerid, 941, -2164.3281, -248.0469, 35.9922, 0.25);
RemoveBuildingForPlayer(playerid, 941, -2161.0156, -248.0469, 35.9922, 0.25);
RemoveBuildingForPlayer(playerid, 941, -2157.4453, -248.0469, 35.9922, 0.25);
RemoveBuildingForPlayer(playerid, 920, -2139.6172, -252.0859, 35.9922, 0.25);
RemoveBuildingForPlayer(playerid, 943, -2156.0703, -227.7500, 36.2813, 0.25);
RemoveBuildingForPlayer(playerid, 944, -2188.5234, -236.8047, 36.3984, 0.25);
RemoveBuildingForPlayer(playerid, 942, -2174.8281, -235.5625, 37.9609, 0.25);
RemoveBuildingForPlayer(playerid, 944, -2153.7969, -229.0391, 36.3984, 0.25);
RemoveBuildingForPlayer(playerid, 944, -2146.2656, -238.4063, 36.3984, 0.25);
RemoveBuildingForPlayer(playerid, 942, -2140.3359, -229.1484, 37.9609, 0.25);
RemoveBuildingForPlayer(playerid, 939, -2140.2266, -237.5078, 37.9609, 0.25);
RemoveBuildingForPlayer(playerid, 944, -2171.1016, -235.7031, 36.3984, 0.25);
RemoveBuildingForPlayer(playerid, 944, -2145.1641, -234.1719, 36.3984, 0.25);
RemoveBuildingForPlayer(playerid, 944, -2146.0234, -228.5000, 36.3984, 0.25);
RemoveBuildingForPlayer(playerid, 944, -2149.8750, -229.7188, 36.3984, 0.25);
RemoveBuildingForPlayer(playerid, 942, -2164.2031, -236.0234, 37.9609, 0.25);
RemoveBuildingForPlayer(playerid, 931, -2142.5547, -241.9375, 36.5781, 0.25);
RemoveBuildingForPlayer(playerid, 918, -2153.0859, -256.2734, 35.8750, 0.25);
RemoveBuildingForPlayer(playerid, 944, -2177.5391, -259.8281, 36.3984, 0.25);
RemoveBuildingForPlayer(playerid, 944, -2175.7500, -266.3359, 36.3984, 0.25);
RemoveBuildingForPlayer(playerid, 943, -2150.5078, -266.3594, 36.2813, 0.25);
RemoveBuildingForPlayer(playerid, 945, -2157.1563, -248.0078, 45.1328, 0.25);
RemoveBuildingForPlayer(playerid, 945, -2164.1016, -248.0078, 45.1328, 0.25);
RemoveBuildingForPlayer(playerid, 945, -2167.7813, -248.0078, 45.1328, 0.25);
RemoveBuildingForPlayer(playerid, 945, -2171.2266, -248.0078, 45.1328, 0.25);
RemoveBuildingForPlayer(playerid, 945, -2174.7969, -248.0078, 45.1328, 0.25);
RemoveBuildingForPlayer(playerid, 945, -2160.7031, -248.0078, 45.1328, 0.25);
RemoveBuildingForPlayer(playerid, 1438, -2164.2188, -231.1563, 35.5078, 0.25);
RemoveBuildingForPlayer(playerid, 944, -2146.0625, -251.0078, 36.3984, 0.25);
RemoveBuildingForPlayer(playerid, 944, -2180.3906, -247.4609, 36.3984, 0.25);
RemoveBuildingForPlayer(playerid, 918, -2173.5938, -268.0781, 40.0781, 0.25);
RemoveBuildingForPlayer(playerid, 918, -2148.4922, -230.8047, 35.8750, 0.25);
RemoveBuildingForPlayer(playerid, 918, -2143.4688, -230.3438, 35.8750, 0.25);
RemoveBuildingForPlayer(playerid, 918, -2167.8281, -246.0859, 35.8750, 0.25);
RemoveBuildingForPlayer(playerid, 11103, -2180.7031, -218.0391, 37.9766, 0.25);
RemoveBuildingForPlayer(playerid, 11233, -2164.4531, -255.3906, 38.1250, 0.25);
RemoveBuildingForPlayer(playerid, 11234, -2180.4531, -251.4688, 37.9922, 0.25);
RemoveBuildingForPlayer(playerid, 11235, -2180.4531, -261.2891, 37.9922, 0.25);
RemoveBuildingForPlayer(playerid, 11236, -2164.4531, -255.3906, 38.1250, 0.25);
CreateObject(16327, -2198.04, -203.98, 34.30,   0.00, 0.00, 0.00);
CreateObject(16327, -2197.56, -276.96, 34.30,   0.00, 0.00, 0.00);
CreateObject(11010, -2138.62, -189.16, 40.16,   0.00, 0.00, 0.00);
CreateObject(11010, -2138.61, -204.15, 40.16,   0.00, 0.00, 0.00);
CreateObject(11081, -2101.91, -269.87, 40.77,   356.86, 0.00, 90.07);
CreateObject(18981, -2150.66, -237.97, 33.80,   0.00, 90.00, 0.00);
CreateObject(18981, -2171.72, -213.02, 33.80,   0.00, 90.00, 0.00);
CreateObject(18981, -2196.68, -213.01, 33.80,   0.00, 90.00, 0.00);
CreateObject(18981, -2175.67, -237.93, 33.80,   0.00, 90.00, 0.00);
CreateObject(18981, -2200.62, -237.88, 33.80,   0.00, 90.00, 0.00);
CreateObject(18981, -2150.64, -262.91, 33.80,   0.00, 90.00, 0.00);
CreateObject(18981, -2175.63, -262.85, 33.80,   0.00, 90.00, 0.00);
CreateObject(18981, -2200.57, -262.73, 33.80,   0.00, 90.00, 0.00);
CreateObject(19393, -2177.36, -221.34, 35.98,   0.00, 0.00, 0.00);
CreateObject(19393, -2166.24, -223.02, 35.98,   0.00, 0.00, 90.00);
CreateObject(19437, -2159.41, -223.79, 35.98,   0.00, 0.00, 0.00);
CreateObject(19437, -2159.41, -224.71, 35.98,   0.00, 0.00, 0.00);
CreateObject(19364, -2157.88, -225.60, 35.98,   0.00, 0.00, 90.00);
CreateObject(19456, -2172.62, -223.02, 35.98,   0.00, 0.00, 90.00);
CreateObject(19364, -2163.04, -223.04, 35.98,   0.00, 0.00, 90.00);
CreateObject(19364, -2160.96, -223.03, 35.98,   0.00, 0.00, 90.00);
CreateObject(19393, -2177.37, -215.00, 35.98,   0.00, 0.00, 0.00);
CreateObject(19364, -2177.37, -211.80, 35.98,   0.00, 0.00, 0.00);
CreateObject(19410, -2177.38, -208.59, 35.98,   0.00, 0.00, 0.00);
CreateObject(19364, -2177.38, -206.20, 35.98,   0.00, 0.00, 0.00);
CreateObject(19364, -2178.89, -204.61, 35.98,   0.00, 0.00, 90.00);
CreateObject(19410, -2182.05, -204.61, 35.98,   0.00, 0.00, 90.00);
CreateObject(19364, -2188.39, -204.61, 35.98,   0.00, 0.00, 90.00);
CreateObject(19456, -2190.07, -209.35, 35.98,   0.00, 0.00, 0.00);
CreateObject(19410, -2190.06, -215.70, 35.98,   0.00, 0.00, 0.00);
CreateObject(19456, -2190.07, -222.10, 35.98,   0.00, 0.00, 0.00);
CreateObject(19410, -2190.06, -228.50, 35.98,   0.00, 0.00, 0.00);
CreateObject(19456, -2190.05, -234.89, 35.98,   0.00, 0.00, 0.00);
CreateObject(19410, -2190.05, -241.30, 35.98,   0.00, 0.00, 0.00);
CreateObject(19456, -2190.06, -247.70, 35.98,   0.00, 0.00, 0.00);
CreateObject(19410, -2190.05, -254.11, 35.98,   0.00, 0.00, 0.00);
CreateObject(19456, -2190.07, -260.49, 35.98,   0.00, 0.00, 0.00);
CreateObject(19364, -2190.05, -268.86, 35.98,   0.00, 0.00, 0.00);
CreateObject(19364, -2188.41, -270.38, 35.98,   0.00, 0.00, 90.00);
CreateObject(19410, -2185.22, -270.38, 35.98,   0.00, 0.00, 90.00);
CreateObject(19410, -2182.02, -270.38, 35.98,   0.00, 0.00, 90.00);
CreateObject(19410, -2178.81, -270.38, 35.98,   0.00, 0.00, 90.00);
CreateObject(19410, -2175.60, -270.39, 35.98,   0.00, 0.00, 90.00);
CreateObject(19410, -2172.40, -270.39, 35.98,   0.00, 0.00, 90.00);
CreateObject(19410, -2169.22, -270.40, 35.98,   0.00, 0.00, 90.00);
CreateObject(19410, -2166.02, -270.39, 35.98,   0.00, 0.00, 90.00);
CreateObject(19410, -2162.82, -270.39, 35.98,   0.00, 0.00, 90.00);
CreateObject(19410, -2159.63, -270.38, 35.98,   0.00, 0.00, 90.00);
CreateObject(19364, -2156.43, -270.38, 35.98,   0.00, 0.00, 90.00);
CreateObject(19456, -2150.09, -270.39, 35.98,   0.00, 0.00, 90.00);
CreateObject(19410, -2143.69, -270.38, 35.98,   0.00, 0.00, 90.00);
CreateObject(19364, -2141.17, -270.38, 35.98,   0.00, 0.00, 90.00);
CreateObject(19364, -2139.85, -270.39, 35.98,   0.00, 0.00, 90.00);
CreateObject(19364, -2138.33, -268.87, 35.98,   0.00, 0.00, 0.00);
CreateObject(19410, -2138.32, -265.70, 35.98,   0.00, 0.00, 0.00);
CreateObject(19456, -2138.32, -259.31, 35.98,   0.00, 0.00, 0.00);
CreateObject(19393, -2138.34, -252.90, 35.98,   0.00, 0.00, 0.00);
CreateObject(19364, -2138.32, -249.70, 35.98,   0.00, 0.00, 0.00);
CreateObject(19364, -2138.29, -246.49, 35.98,   0.00, 0.00, 0.00);
CreateObject(19393, -2138.29, -243.29, 35.98,   0.00, 0.00, 0.00);
CreateObject(19456, -2138.29, -236.90, 35.98,   0.00, 0.00, 0.00);
CreateObject(19410, -2138.30, -230.48, 35.98,   0.00, 0.00, 0.00);
CreateObject(19364, -2138.30, -227.28, 35.98,   0.00, 0.00, 0.00);
CreateObject(19364, -2139.83, -225.60, 35.98,   0.00, 0.00, 90.00);
CreateObject(19410, -2143.03, -225.60, 35.98,   0.00, 0.00, 90.00);
CreateObject(19456, -2149.42, -225.60, 35.98,   0.00, 0.00, 90.00);
CreateObject(19364, -2155.20, -225.60, 35.98,   0.00, 0.00, 90.00);
CreateObject(987, -2138.17, -264.56, 34.30,   0.00, 0.00, 0.00);
CreateObject(987, -2126.31, -228.17, 34.30,   0.00, 0.00, 178.23);
CreateObject(987, -2114.37, -228.54, 34.30,   0.00, 0.00, 178.23);
CreateObject(987, -2102.43, -228.90, 34.30,   0.00, 0.00, 178.23);
CreateObject(987, -2102.60, -240.82, 34.30,   0.00, 0.00, 89.47);
CreateObject(987, -2102.67, -252.77, 34.30,   0.00, 0.00, 89.47);
CreateObject(987, -2126.28, -264.62, 34.30,   0.00, 0.00, 89.47);
CreateObject(987, -2126.15, -252.59, 34.30,   0.00, 0.00, 0.00);
CreateObject(987, -2114.40, -252.59, 34.30,   0.00, 0.00, 0.00);
CreateObject(16327, -2115.61, -261.84, 34.30,   0.00, 0.00, 270.70);
CreateObject(19364, -2158.09, -268.69, 35.98,   0.00, 0.00, 0.00);
CreateObject(19393, -2158.10, -265.48, 35.98,   0.00, 0.00, 0.00);
CreateObject(19364, -2158.08, -262.28, 35.98,   0.00, 0.00, 0.00);
CreateObject(19456, -2162.82, -260.76, 35.98,   0.00, 0.00, 90.00);
CreateObject(19456, -2172.42, -260.75, 35.98,   0.00, 0.00, 90.00);
CreateObject(19456, -2182.04, -260.74, 35.98,   0.00, 0.00, 90.00);
CreateObject(19393, -2188.40, -260.72, 35.98,   0.00, 0.00, 90.00);
CreateObject(19364, -2161.22, -268.71, 35.98,   0.00, 0.00, 0.00);
CreateObject(19364, -2164.40, -268.71, 35.98,   0.00, 0.00, 0.00);
CreateObject(19364, -2167.60, -268.75, 35.98,   0.00, 0.00, 0.00);
CreateObject(19364, -2170.80, -268.76, 35.98,   0.00, 0.00, 0.00);
CreateObject(19364, -2173.98, -268.72, 35.98,   0.00, 0.00, 0.00);
CreateObject(19364, -2177.20, -268.72, 35.98,   0.00, 0.00, 0.00);
CreateObject(19364, -2180.40, -268.71, 35.98,   0.00, 0.00, 0.00);
CreateObject(19364, -2183.60, -268.70, 35.98,   0.00, 0.00, 0.00);
CreateObject(19364, -2188.45, -267.24, 35.98,   0.00, 0.00, 90.00);
CreateObject(19393, -2185.20, -267.20, 35.98,   0.00, 0.00, 90.00);
CreateObject(19393, -2181.96, -267.22, 35.98,   0.00, 0.00, 90.00);
CreateObject(19393, -2178.74, -267.20, 35.98,   0.00, 0.00, 90.00);
CreateObject(19393, -2175.53, -267.19, 35.98,   0.00, 0.00, 90.00);
CreateObject(19393, -2172.37, -267.21, 35.98,   0.00, 0.00, 90.00);
CreateObject(19393, -2169.17, -267.20, 35.98,   0.00, 0.00, 90.00);
CreateObject(19393, -2165.99, -267.20, 35.98,   0.00, 0.00, 90.00);
CreateObject(19393, -2162.81, -267.20, 35.98,   0.00, 0.00, 90.00);
CreateObject(19393, -2159.69, -267.20, 35.98,   0.00, 0.00, 90.00);
CreateObject(19302, -2159.61, -267.15, 35.51,   0.00, 0.00, 0.00);
CreateObject(19302, -2162.80, -267.17, 35.51,   0.00, 0.00, 0.00);
CreateObject(19302, -2166.01, -267.17, 35.51,   0.00, 0.00, 0.00);
CreateObject(19302, -2169.15, -267.17, 35.51,   0.00, 0.00, 0.00);
CreateObject(19302, -2172.41, -267.17, 35.51,   0.00, 0.00, 0.00);
CreateObject(19302, -2175.53, -267.14, 35.51,   0.00, 0.00, 0.00);
CreateObject(19302, -2178.77, -267.15, 38.88,   0.00, 0.00, 0.00);
CreateObject(19302, -2181.98, -267.19, 35.51,   0.00, 0.00, 0.00);
CreateObject(19302, -2185.18, -267.15, 35.51,   0.00, 0.00, 0.00);
CreateObject(19304, -2159.95, -270.41, 36.19,   0.00, 0.00, 0.00);
CreateObject(19304, -2162.93, -270.43, 36.19,   0.00, 0.00, 0.00);
CreateObject(19304, -2165.98, -270.43, 36.19,   0.00, 0.00, 0.00);
CreateObject(19304, -2169.25, -270.43, 36.19,   0.00, 0.00, 0.00);
CreateObject(19304, -2172.29, -270.44, 36.19,   0.00, 0.00, 0.00);
CreateObject(19304, -2175.39, -270.43, 36.19,   0.00, 0.00, 0.00);
CreateObject(19304, -2178.61, -270.41, 36.19,   0.00, 0.00, 0.00);
CreateObject(19304, -2182.00, -270.41, 36.19,   0.00, 0.00, 0.00);
CreateObject(19304, -2185.12, -270.43, 36.19,   0.00, 0.00, 0.00);
CreateObject(19364, -2190.05, -266.25, 35.98,   0.00, 0.00, 0.00);
CreateObject(19456, -2159.40, -230.44, 35.98,   0.00, 0.00, 0.00);
CreateObject(19456, -2159.41, -240.06, 35.98,   0.00, 0.00, 0.00);
CreateObject(19456, -2159.38, -252.83, 35.98,   0.00, 0.00, 0.00);
CreateObject(19393, -2159.39, -246.44, 35.98,   0.00, 0.00, 0.00);
CreateObject(19364, -2159.41, -259.19, 35.98,   0.00, 0.00, 0.00);
CreateObject(19304, -2143.74, -270.43, 36.19,   0.00, 0.00, 0.00);
CreateObject(19304, -2143.21, -225.62, 36.19,   0.00, 0.00, 0.00);
CreateObject(19304, -2138.28, -230.41, 36.19,   0.00, 0.00, 270.72);
CreateObject(19304, -2138.31, -265.78, 36.19,   0.00, 0.00, 270.72);
CreateObject(19304, -2190.01, -254.15, 36.19,   0.00, 0.00, 269.80);
CreateObject(19304, -2190.01, -241.36, 36.19,   0.00, 0.00, 269.80);
CreateObject(19304, -2190.01, -228.78, 36.19,   0.00, 0.00, 269.80);
CreateObject(19304, -2190.05, -215.73, 36.19,   0.00, 0.00, 269.80);
CreateObject(19304, -2182.24, -204.66, 36.19,   0.00, 0.00, 0.00);
CreateObject(19304, -2177.41, -208.79, 36.19,   0.00, 0.00, 269.80);
CreateObject(5004, -2167.89, -237.09, 34.06,   0.00, 0.00, 0.00);
CreateObject(19393, -2159.67, -263.79, 35.98,   0.00, 0.00, 90.00);
CreateObject(19364, -2161.31, -262.26, 35.98,   0.00, 0.00, 0.00);
CreateObject(19393, -2162.94, -263.80, 35.98,   0.00, 0.00, 90.00);
CreateObject(19393, -2166.14, -263.81, 35.98,   0.00, 0.00, 90.00);
CreateObject(19393, -2169.34, -263.82, 35.98,   0.00, 0.00, 90.00);
CreateObject(19393, -2172.55, -263.80, 35.98,   0.00, 0.00, 90.00);
CreateObject(19393, -2175.75, -263.81, 35.98,   0.00, 0.00, 90.00);
CreateObject(19393, -2178.95, -263.82, 35.98,   0.00, 0.00, 90.00);
CreateObject(19393, -2182.15, -263.81, 35.98,   0.00, 0.00, 90.00);
CreateObject(19393, -2185.35, -263.80, 35.98,   0.00, 0.00, 90.00);
CreateObject(19364, -2186.87, -262.29, 35.98,   0.00, 0.00, 0.00);
CreateObject(19364, -2183.70, -262.29, 35.98,   0.00, 0.00, 0.00);
CreateObject(19364, -2180.52, -262.28, 35.98,   0.00, 0.00, 0.00);
CreateObject(19364, -2177.37, -262.27, 35.98,   0.00, 0.00, 0.00);
CreateObject(19364, -2174.13, -262.26, 35.98,   0.00, 0.00, 0.00);
CreateObject(19364, -2170.94, -262.27, 35.98,   0.00, 0.00, 0.00);
CreateObject(19364, -2167.74, -262.26, 35.98,   0.00, 0.00, 0.00);
CreateObject(19364, -2164.54, -262.31, 35.98,   0.00, 0.00, 0.00);
CreateObject(19302, -2159.70, -263.84, 35.51,   0.00, 0.00, 0.00);
CreateObject(19302, -2162.92, -263.83, 35.51,   0.00, 0.00, 0.00);
CreateObject(19302, -2166.12, -263.86, 35.51,   0.00, 0.00, 0.00);
CreateObject(19302, -2169.31, -263.87, 35.51,   0.00, 0.00, 0.00);
CreateObject(19302, -2172.54, -263.81, 35.51,   0.00, 0.00, 0.00);
CreateObject(19302, -2175.77, -263.86, 35.51,   0.00, 0.00, 0.00);
CreateObject(19302, -2178.98, -263.86, 35.51,   0.00, 0.00, 0.00);
CreateObject(19302, -2182.18, -263.86, 35.51,   0.00, 0.00, 0.00);
CreateObject(19302, -2185.38, -263.85, 35.51,   0.00, 0.00, 0.00);
CreateObject(16327, -2104.90, -225.28, 34.30,   0.00, 0.00, 270.70);
CreateObject(1771, -2158.80, -268.99, 34.94,   0.00, 0.00, 0.00);
CreateObject(1647, -2158.96, -268.97, 34.96,   0.00, 0.00, 0.00);
CreateObject(1771, -2163.73, -268.97, 34.94,   0.00, 0.00, 0.00);
CreateObject(1647, -2163.59, -268.96, 34.96,   0.00, 0.00, 0.00);
CreateObject(1771, -2165.17, -269.01, 34.94,   0.00, 0.00, 0.00);
CreateObject(1647, -2165.31, -268.99, 34.96,   0.00, 0.00, 0.00);
CreateObject(1647, -2169.92, -268.94, 34.96,   0.00, 0.00, 0.00);
CreateObject(1771, -2170.08, -269.02, 34.94,   0.00, 0.00, 0.00);
CreateObject(1647, -2171.60, -268.99, 34.96,   0.00, 0.00, 0.00);
CreateObject(1647, -2176.37, -268.92, 34.96,   0.00, 0.00, 0.00);
CreateObject(1647, -2178.12, -268.96, 34.96,   0.00, 0.00, 0.00);
CreateObject(1771, -2171.52, -269.02, 34.94,   0.00, 0.00, 0.00);
CreateObject(1771, -2176.51, -269.00, 34.94,   0.00, 0.00, 0.00);
CreateObject(1771, -2177.93, -269.03, 34.94,   0.00, 0.00, 0.00);
CreateObject(1771, -2182.91, -268.97, 34.94,   0.00, 0.00, 0.00);
CreateObject(1647, -2182.88, -268.99, 34.96,   0.00, 0.00, 0.00);
CreateObject(1647, -2184.46, -269.05, 34.96,   0.00, 0.00, 0.00);
CreateObject(1771, -2186.16, -262.04, 34.94,   0.00, 0.00, 0.00);
CreateObject(1647, -2185.99, -262.10, 34.96,   0.00, 0.00, 0.00);
CreateObject(1771, -2184.35, -269.00, 34.94,   0.00, 0.00, 0.00);
CreateObject(1771, -2160.62, -262.12, 34.94,   0.00, 0.00, 0.00);
CreateObject(1771, -2162.04, -262.16, 34.94,   0.00, 0.00, 0.00);
CreateObject(1771, -2167.07, -262.11, 34.94,   0.00, 0.00, 0.00);
CreateObject(1771, -2168.43, -262.13, 34.94,   0.00, 0.00, 0.00);
CreateObject(1771, -2173.39, -262.14, 34.94,   0.00, 0.00, 0.00);
CreateObject(1771, -2174.86, -262.11, 34.94,   0.00, 0.00, 0.00);
CreateObject(1771, -2179.83, -262.17, 34.94,   0.00, 0.00, 0.00);
CreateObject(1771, -2181.26, -262.11, 34.94,   0.00, 0.00, 0.00);
CreateObject(1647, -2160.53, -262.17, 34.96,   0.00, 0.00, 0.00);
CreateObject(1647, -2161.89, -262.08, 34.96,   0.00, 0.00, 0.00);
CreateObject(1647, -2167.09, -262.15, 34.96,   0.00, 0.00, 0.00);
CreateObject(1647, -2168.58, -262.22, 34.96,   0.00, 0.00, 0.00);
CreateObject(1647, -2173.28, -262.19, 34.96,   0.00, 0.00, 0.00);
CreateObject(1647, -2174.94, -262.12, 34.96,   0.00, 0.00, 0.00);
CreateObject(1647, -2179.70, -262.14, 34.96,   0.00, 0.00, 0.00);
CreateObject(1647, -2181.15, -262.22, 34.96,   0.00, 0.00, 0.00);
CreateObject(2518, -2160.11, -269.82, 34.29,   0.00, 0.00, 181.02);
CreateObject(2518, -2161.31, -269.85, 34.29,   0.00, 0.00, 181.02);
CreateObject(2518, -2166.43, -269.82, 34.29,   0.00, 0.00, 181.02);
CreateObject(2518, -2167.69, -269.84, 34.29,   0.00, 0.00, 181.02);
CreateObject(2518, -2172.69, -269.83, 34.29,   0.00, 0.00, 179.98);
CreateObject(2518, -2174.21, -269.86, 34.29,   0.00, 0.00, 179.98);
CreateObject(2518, -2179.15, -269.86, 34.29,   0.00, 0.00, 179.98);
CreateObject(2518, -2180.62, -269.86, 34.29,   0.00, 0.00, 179.98);
CreateObject(2518, -2185.50, -269.82, 34.29,   0.00, 0.00, 179.98);
CreateObject(2518, -2185.20, -261.28, 34.21,   0.00, 0.00, 0.00);
CreateObject(2518, -2183.36, -261.31, 34.21,   0.00, 0.00, 0.00);
CreateObject(2518, -2178.89, -261.27, 34.21,   0.00, 0.00, 0.00);
CreateObject(2518, -2176.91, -261.29, 34.21,   0.00, 0.00, 0.00);
CreateObject(2518, -2172.29, -261.31, 34.21,   0.00, 0.00, 0.00);
CreateObject(2518, -2170.61, -261.30, 34.21,   0.00, 0.00, 0.00);
CreateObject(2518, -2166.03, -261.32, 34.21,   0.00, 0.00, 0.00);
CreateObject(2518, -2164.06, -261.32, 34.21,   0.00, 0.00, 0.00);
CreateObject(2518, -2159.66, -261.32, 34.21,   0.00, 0.00, 0.00);
CreateObject(19393, -2161.01, -257.52, 35.98,   0.00, 0.00, 90.00);
CreateObject(19364, -2165.79, -259.19, 35.98,   0.00, 0.00, 0.00);
CreateObject(19393, -2167.40, -257.52, 35.98,   0.00, 0.00, 90.00);
CreateObject(19393, -2173.74, -257.53, 35.98,   0.00, 0.00, 90.00);
CreateObject(19364, -2164.20, -257.53, 35.98,   0.00, 0.00, 90.00);
CreateObject(19364, -2170.59, -257.53, 35.98,   0.00, 0.00, 90.00);
CreateObject(19364, -2176.93, -257.53, 35.98,   0.00, 0.00, 90.00);
CreateObject(19364, -2172.15, -259.15, 35.98,   0.00, 0.00, 0.00);
CreateObject(19393, -2180.13, -257.54, 35.98,   0.00, 0.00, 90.00);
CreateObject(19364, -2178.52, -259.16, 35.98,   0.00, 0.00, 0.00);
CreateObject(19364, -2183.27, -257.54, 35.98,   0.00, 0.00, 90.00);
CreateObject(19364, -2184.80, -259.05, 35.98,   0.00, 0.00, 0.00);
CreateObject(19393, -2164.18, -251.08, 35.98,   0.00, 0.00, 90.00);
CreateObject(19364, -2161.00, -251.08, 35.98,   0.00, 0.00, 90.00);
CreateObject(19364, -2167.36, -251.09, 35.98,   0.00, 0.00, 90.00);
CreateObject(19393, -2170.50, -251.09, 35.98,   0.00, 0.00, 90.00);
CreateObject(19364, -2173.68, -251.10, 35.98,   0.00, 0.00, 90.00);
CreateObject(19393, -2176.87, -251.12, 35.98,   0.00, 0.00, 90.00);
CreateObject(19364, -2180.05, -251.12, 35.98,   0.00, 0.00, 90.00);
CreateObject(19393, -2183.20, -251.14, 35.98,   0.00, 0.00, 90.00);
CreateObject(19364, -2165.74, -249.48, 35.98,   0.00, 0.00, 0.00);
CreateObject(19364, -2172.08, -249.54, 35.98,   0.00, 0.00, 0.00);
CreateObject(19364, -2178.45, -249.50, 35.98,   0.00, 0.00, 0.00);
CreateObject(19364, -2184.72, -249.52, 35.98,   0.00, 0.00, 0.00);
CreateObject(19456, -2164.26, -247.95, 35.98,   0.00, 0.00, 90.00);
CreateObject(19456, -2173.88, -247.95, 35.98,   0.00, 0.00, 90.00);
CreateObject(19456, -2179.99, -247.94, 35.98,   0.00, 0.00, 90.00);
CreateObject(7096, -2163.15, -242.20, 35.93,   0.00, 0.00, 0.00);
CreateObject(19364, -2161.04, -236.53, 35.98,   0.00, 0.00, 90.00);
CreateObject(19364, -2163.68, -236.52, 35.98,   0.00, 0.00, 90.00);
CreateObject(19364, -2163.68, -239.22, 35.98,   0.00, 0.00, 90.00);
CreateObject(19364, -2160.93, -244.93, 35.98,   0.00, 0.00, 90.00);
CreateObject(19364, -2162.18, -243.35, 35.98,   0.00, 0.00, 0.00);
CreateObject(19364, -2162.17, -240.75, 35.98,   0.00, 0.00, 0.00);
CreateObject(19364, -2160.91, -247.57, 35.98,   0.00, 0.00, 90.00);
CreateObject(19364, -2160.90, -247.75, 35.98,   0.00, 0.00, 90.00);
CreateObject(19364, -2160.90, -247.85, 35.98,   0.00, 0.00, 90.00);
CreateObject(19364, -2160.94, -244.77, 35.98,   0.00, 0.00, 90.00);
CreateObject(19364, -2160.92, -244.61, 35.98,   0.00, 0.00, 90.00);
CreateObject(19364, -2165.22, -237.85, 39.47,   0.00, 0.00, 0.00);
CreateObject(19364, -2163.68, -239.37, 35.98,   0.00, 0.00, 90.00);
CreateObject(19364, -2163.68, -236.34, 35.98,   0.00, 0.00, 90.00);
CreateObject(19364, -2161.01, -236.36, 35.98,   0.00, 0.00, 90.00);
CreateObject(19364, -2163.68, -239.37, 39.47,   0.00, 0.00, 90.00);
CreateObject(19364, -2163.68, -236.34, 39.46,   0.00, 0.00, 90.00);
CreateObject(19364, -2161.01, -236.36, 39.46,   0.00, 0.00, 90.00);
CreateObject(19364, -2162.17, -240.75, 39.47,   0.00, 0.00, 0.00);
CreateObject(19364, -2162.18, -243.35, 39.45,   0.00, 0.00, 0.00);
CreateObject(19456, -2159.41, -240.06, 39.46,   0.00, 0.00, 0.00);
CreateObject(19393, -2159.39, -246.44, 39.43,   0.00, 0.00, 0.00);
CreateObject(19393, -2159.39, -246.44, 36.02,   0.00, 0.00, 0.00);
CreateObject(19364, -2162.18, -246.43, 39.44,   0.00, 0.00, 0.00);
CreateObject(7096, -2178.96, -244.31, 35.93,   0.00, 0.00, 270.12);
CreateObject(19364, -2173.29, -246.42, 35.98,   0.00, 0.00, 0.00);
CreateObject(19364, -2173.29, -243.78, 35.98,   0.00, 0.00, 0.00);
CreateObject(19364, -2175.98, -243.77, 35.98,   0.00, 0.00, 0.00);
CreateObject(19364, -2177.63, -245.31, 35.98,   0.00, 0.00, 90.00);
CreateObject(19364, -2180.82, -245.28, 35.98,   0.00, 0.00, 90.00);
CreateObject(19364, -2183.22, -245.28, 35.98,   0.00, 0.00, 90.00);
CreateObject(19364, -2184.74, -246.78, 35.98,   0.00, 0.00, 0.00);
CreateObject(19364, -2174.61, -242.23, 39.45,   0.00, 0.00, 90.00);
CreateObject(19364, -2176.14, -243.77, 35.98,   0.00, 0.00, 0.00);
CreateObject(19364, -2173.11, -243.77, 35.98,   0.00, 0.00, 0.00);
CreateObject(19364, -2173.12, -246.37, 35.98,   0.00, 0.00, 0.00);
CreateObject(19364, -2173.12, -246.37, 39.46,   0.00, 0.00, 0.00);
CreateObject(19364, -2173.11, -243.77, 39.45,   0.00, 0.00, 0.00);
CreateObject(19364, -2173.29, -246.42, 39.45,   0.00, 0.00, 0.00);
CreateObject(19364, -2173.29, -243.78, 39.45,   0.00, 0.00, 0.00);
CreateObject(19364, -2175.98, -243.77, 39.46,   0.00, 0.00, 0.00);
CreateObject(19364, -2176.14, -243.77, 39.46,   0.00, 0.00, 0.00);
CreateObject(19456, -2173.88, -247.95, 39.44,   0.00, 0.00, 90.00);
CreateObject(19364, -2180.27, -247.95, 39.44,   0.00, 0.00, 90.00);
CreateObject(19393, -2183.16, -247.95, 39.44,   0.00, 0.00, 90.00);
CreateObject(19364, -2184.70, -246.78, 39.42,   0.00, 0.00, 0.00);
CreateObject(19364, -2183.12, -245.28, 39.41,   0.00, 0.00, 90.00);
CreateObject(19364, -2180.82, -245.28, 39.41,   0.00, 0.00, 90.00);
CreateObject(19364, -2177.64, -245.29, 39.41,   0.00, 0.00, 90.00);
CreateObject(19456, -2164.26, -247.95, 39.43,   0.00, 0.00, 90.00);
CreateObject(19302, -2161.02, -257.49, 35.51,   0.00, 0.00, 0.00);
CreateObject(19302, -2167.38, -257.46, 35.51,   0.00, 0.00, 0.00);
CreateObject(19302, -2173.72, -257.49, 35.51,   0.00, 0.00, 0.00);
CreateObject(19302, -2180.19, -257.49, 35.51,   0.00, 0.00, 0.00);
CreateObject(19302, -2164.19, -251.09, 35.51,   0.00, 0.00, 0.00);
CreateObject(19302, -2170.54, -251.14, 35.51,   0.00, 0.00, 0.00);
CreateObject(19302, -2176.97, -251.15, 35.51,   0.00, 0.00, 0.00);
CreateObject(19302, -2183.28, -251.17, 35.51,   0.00, 0.00, 0.00);
CreateObject(1771, -2173.55, -260.04, 34.94,   0.00, 0.00, 89.54);
CreateObject(1771, -2173.55, -260.04, 36.02,   0.00, 0.00, 89.54);
CreateObject(19302, -2186.70, -260.60, 35.51,   0.00, 0.00, 0.00);
CreateObject(19302, -2157.99, -267.23, 35.51,   0.00, 0.00, 89.73);
CreateObject(19302, -2159.27, -248.08, 35.51,   0.00, 0.00, 89.73);
CreateObject(1771, -2179.98, -260.00, 34.94,   0.00, 0.00, 89.54);
CreateObject(1771, -2167.34, -259.88, 34.94,   0.00, 0.00, 89.54);
CreateObject(1771, -2167.34, -259.88, 35.97,   0.00, 0.00, 89.54);
CreateObject(1771, -2160.82, -259.91, 34.94,   0.00, 0.00, 89.54);
CreateObject(1771, -2160.82, -259.91, 35.99,   0.00, 0.00, 89.54);
CreateObject(1647, -2160.85, -259.72, 34.96,   0.00, 0.00, 270.23);
CreateObject(1647, -2160.86, -259.74, 36.01,   0.00, 0.00, 270.23);
CreateObject(1647, -2180.02, -259.79, 36.01,   0.00, 0.00, 270.23);
CreateObject(1647, -2167.33, -259.74, 36.01,   0.00, 0.00, 270.23);
CreateObject(1647, -2179.95, -259.87, 34.96,   0.00, 0.00, 270.23);
CreateObject(1647, -2167.31, -259.70, 34.96,   0.00, 0.00, 270.23);
CreateObject(1647, -2173.66, -259.98, 36.01,   0.00, 0.00, 270.23);
CreateObject(1647, -2173.62, -259.89, 34.96,   0.00, 0.00, 270.23);
CreateObject(1771, -2183.20, -248.80, 34.94,   0.00, 0.00, 89.54);
CreateObject(1771, -2183.20, -248.80, 35.99,   0.00, 0.00, 89.54);
CreateObject(1647, -2183.17, -248.88, 36.01,   0.00, 0.00, 270.23);
CreateObject(1771, -2179.98, -260.00, 35.97,   0.00, 0.00, 89.54);
CreateObject(1647, -2183.25, -248.92, 34.96,   0.00, 0.00, 270.23);
CreateObject(1771, -2177.05, -248.59, 34.94,   0.00, 0.00, 89.54);
CreateObject(1647, -2177.07, -248.59, 36.01,   0.00, 0.00, 270.23);
CreateObject(1771, -2177.05, -248.59, 35.97,   0.00, 0.00, 89.54);
CreateObject(1647, -2170.67, -248.65, 36.01,   0.00, 0.00, 270.23);
CreateObject(1647, -2170.62, -248.58, 34.97,   0.00, 0.00, 270.23);
CreateObject(1771, -2170.65, -248.72, 34.94,   0.00, 0.00, 89.54);
CreateObject(1771, -2170.65, -248.72, 35.98,   0.00, 0.00, 89.54);
CreateObject(1647, -2164.35, -248.69, 34.97,   0.00, 0.00, 270.23);
CreateObject(1771, -2164.30, -248.72, 34.94,   0.00, 0.00, 89.54);
CreateObject(1647, -2164.35, -248.69, 36.06,   0.00, 0.00, 270.23);
CreateObject(1771, -2164.30, -248.72, 36.03,   0.00, 0.00, 89.54);
CreateObject(2518, -2176.21, -260.17, 34.29,   0.00, 0.00, 181.02);
CreateObject(2518, -2170.33, -260.18, 34.29,   0.00, 0.00, 181.02);
CreateObject(2518, -2182.58, -260.19, 34.29,   0.00, 0.00, 181.02);
CreateObject(2518, -2180.71, -248.51, 34.21,   0.00, 0.00, 0.00);
CreateObject(2518, -2174.59, -248.47, 34.21,   0.00, 0.00, 0.00);
CreateObject(2518, -2168.02, -248.50, 34.21,   0.00, 0.00, 0.00);
CreateObject(2518, -2161.52, -248.52, 34.21,   0.00, 0.00, 0.00);
CreateObject(2514, -2159.94, -249.87, 34.31,   0.00, 0.00, 271.39);
CreateObject(2514, -2166.27, -249.87, 34.31,   0.00, 0.00, 271.39);
CreateObject(2514, -2172.63, -249.87, 34.31,   0.00, 0.00, 271.39);
CreateObject(2514, -2178.96, -249.66, 34.31,   0.00, 0.00, 271.39);
CreateObject(2514, -2184.25, -258.86, 34.31,   0.00, 0.00, 92.50);
CreateObject(2514, -2177.95, -258.93, 34.31,   0.00, 0.00, 92.50);
CreateObject(2514, -2171.58, -258.96, 34.31,   0.00, 0.00, 92.50);
CreateObject(2514, -2165.23, -259.00, 34.31,   0.00, 0.00, 92.50);
CreateObject(2518, -2163.80, -260.18, 34.29,   0.00, 0.00, 181.02);
CreateObject(2633, -2161.59, -256.35, 36.09,   0.00, 0.00, 0.00);
CreateObject(2633, -2165.74, -256.36, 36.09,   0.00, 0.00, 0.00);
CreateObject(2633, -2169.90, -256.35, 36.09,   0.00, 0.00, 0.00);
CreateObject(2633, -2174.04, -256.33, 36.09,   0.00, 0.00, 0.00);
CreateObject(19364, -2178.49, -249.49, 39.41,   0.00, 0.00, 0.00);
CreateObject(2633, -2176.40, -256.35, 36.09,   0.00, 0.00, 0.00);
CreateObject(2633, -2179.74, -255.31, 36.09,   0.00, 0.00, 89.93);
CreateObject(19393, -2179.98, -251.06, 39.44,   0.00, 0.00, 90.00);
CreateObject(19447, -2179.98, -249.68, 37.64,   0.00, 90.00, 90.00);
CreateObject(19447, -2170.39, -249.68, 37.64,   0.00, 90.00, 90.00);
CreateObject(19447, -2164.20, -249.70, 37.64,   0.00, 90.00, 90.00);
CreateObject(19393, -2180.13, -257.54, 39.44,   0.00, 0.00, 90.00);
CreateObject(19364, -2183.27, -257.54, 39.44,   0.00, 0.00, 90.00);
CreateObject(19364, -2184.80, -259.05, 39.44,   0.00, 0.00, 0.00);
CreateObject(19364, -2178.52, -259.16, 39.44,   0.00, 0.00, 0.00);
CreateObject(19364, -2176.93, -257.53, 39.43,   0.00, 0.00, 90.00);
CreateObject(19393, -2173.74, -257.53, 39.43,   0.00, 0.00, 90.00);
CreateObject(19364, -2172.15, -259.15, 39.42,   0.00, 0.00, 0.00);
CreateObject(19364, -2170.59, -257.53, 39.43,   0.00, 0.00, 90.00);
CreateObject(19393, -2167.40, -257.52, 39.43,   0.00, 0.00, 90.00);
CreateObject(19364, -2165.79, -259.19, 39.43,   0.00, 0.00, 0.00);
CreateObject(19364, -2164.20, -257.53, 39.42,   0.00, 0.00, 90.00);
CreateObject(19393, -2161.01, -257.52, 39.42,   0.00, 0.00, 90.00);
CreateObject(19364, -2159.41, -259.19, 39.41,   0.00, 0.00, 0.00);
CreateObject(19302, -2161.02, -257.49, 38.96,   0.00, 0.00, 0.00);
CreateObject(19302, -2167.39, -257.48, 38.92,   0.00, 0.00, 0.00);
CreateObject(19302, -2173.72, -257.49, 38.93,   0.00, 0.00, 0.00);
CreateObject(19302, -2180.19, -257.49, 38.92,   0.00, 0.00, 0.00);
CreateObject(19364, -2183.01, -251.06, 39.43,   0.00, 0.00, 90.00);
CreateObject(19456, -2173.70, -251.08, 39.44,   0.00, 0.00, 90.00);
CreateObject(19456, -2164.12, -251.08, 39.44,   0.00, 0.00, 90.00);
CreateObject(19393, -2159.44, -256.30, 39.43,   0.00, 0.00, 0.00);
CreateObject(19364, -2159.39, -249.45, 39.41,   0.00, 0.00, 0.00);
CreateObject(19364, -2159.40, -253.59, 39.41,   0.00, 0.00, 0.00);
CreateObject(19364, -2159.40, -250.61, 39.41,   0.00, 0.00, 0.00);
CreateObject(19302, -2178.59, -251.18, 38.92,   0.00, 0.00, 0.00);
CreateObject(19302, -2181.79, -248.06, 38.92,   0.00, 0.00, 0.00);
CreateObject(2633, -2179.80, -253.01, 36.09,   0.00, 0.00, 269.92);
CreateObject(2633, -2158.19, -254.50, 36.09,   0.00, 0.00, 269.92);
CreateObject(2633, -2158.18, -250.34, 36.09,   0.00, 0.00, 269.92);
CreateObject(2633, -2158.19, -246.18, 36.09,   0.00, 0.00, 269.92);
CreateObject(2633, -2158.19, -242.02, 36.09,   0.00, 0.00, 269.92);
CreateObject(2633, -2158.17, -237.86, 36.09,   0.00, 0.00, 269.92);
CreateObject(19456, -2159.40, -230.44, 39.45,   0.00, 0.00, 0.00);
CreateObject(2633, -2158.16, -233.71, 36.09,   0.00, 0.00, 269.92);
CreateObject(2633, -2158.14, -230.12, 36.09,   0.00, 0.00, 269.92);
CreateObject(2633, -2154.79, -226.77, 36.09,   0.00, 0.00, 180.18);
CreateObject(2633, -2158.15, -227.77, 36.09,   0.00, 0.00, 89.93);
CreateObject(2633, -2150.62, -226.77, 36.09,   0.00, 0.00, 180.18);
CreateObject(2633, -2146.47, -226.75, 36.09,   0.00, 0.00, 180.18);
CreateObject(2633, -2142.74, -226.73, 36.09,   0.00, 0.00, 180.18);
CreateObject(2633, -2139.42, -230.06, 36.09,   0.00, 0.00, 89.93);
CreateObject(2633, -2140.37, -226.79, 36.09,   0.00, 0.00, 0.00);
CreateObject(2633, -2139.43, -234.21, 36.09,   0.00, 0.00, 89.93);
CreateObject(2633, -2139.43, -238.35, 36.09,   0.00, 0.00, 89.93);
CreateObject(2633, -2139.43, -242.50, 36.09,   0.00, 0.00, 89.93);
CreateObject(2633, -2139.47, -246.64, 36.09,   0.00, 0.00, 89.93);
CreateObject(2633, -2139.49, -250.79, 36.09,   0.00, 0.00, 89.93);
CreateObject(2633, -2139.48, -254.92, 36.09,   0.00, 0.00, 89.93);
CreateObject(2633, -2139.47, -259.08, 36.09,   0.00, 0.00, 89.93);
CreateObject(2633, -2139.47, -263.24, 36.09,   0.00, 0.00, 89.93);
CreateObject(2633, -2136.20, -265.88, 36.09,   0.00, 0.00, 180.18);
CreateObject(2633, -2139.46, -267.38, 36.09,   0.00, 0.00, 89.93);
CreateObject(2633, -2132.05, -265.88, 36.09,   0.00, 0.00, 180.18);
CreateObject(2633, -2127.92, -265.86, 36.09,   0.00, 0.00, 180.18);
CreateObject(2633, -2124.90, -260.78, 36.09,   0.00, 0.00, 269.92);
CreateObject(2633, -2124.91, -264.92, 36.09,   0.00, 0.00, 269.92);
CreateObject(2633, -2125.83, -265.87, 36.09,   0.00, 0.00, 180.18);
CreateObject(2633, -2124.91, -257.25, 36.09,   0.00, 0.00, 269.92);
CreateObject(2633, -2121.57, -253.92, 36.09,   0.00, 0.00, 180.18);
CreateObject(2633, -2124.90, -254.74, 36.09,   0.00, 0.00, 89.93);
CreateObject(3099, -2187.06, -267.24, 34.31,   0.00, 0.00, 90.11);
CreateObject(19364, -2186.68, -272.00, 35.98,   0.00, 0.00, 0.00);
CreateObject(19364, -2190.20, -271.06, 35.98,   0.00, 0.00, 0.00);
CreateObject(19364, -2190.04, -272.01, 35.98,   0.00, 0.00, 0.00);
CreateObject(2633, -2139.44, -268.30, 36.09,   0.00, 0.00, 89.93);
CreateObject(19447, -2164.19, -259.04, 37.64,   0.00, 90.00, 90.00);
CreateObject(19447, -2173.82, -259.04, 37.64,   0.00, 90.00, 90.00);
CreateObject(19447, -2180.05, -259.04, 37.64,   0.00, 90.00, 90.00);
CreateObject(19456, -2180.06, -260.71, 39.43,   0.00, 0.00, 90.00);
CreateObject(19456, -2170.45, -260.71, 39.43,   0.00, 0.00, 90.00);
CreateObject(19456, -2162.80, -260.74, 39.43,   0.00, 0.00, 90.00);
CreateObject(19364, -2161.31, -262.26, 39.43,   0.00, 0.00, 0.00);
CreateObject(19364, -2164.54, -262.31, 39.42,   0.00, 0.00, 0.00);
CreateObject(19364, -2167.74, -262.26, 39.44,   0.00, 0.00, 0.00);
CreateObject(19364, -2170.94, -262.27, 39.43,   0.00, 0.00, 0.00);
CreateObject(19364, -2174.13, -262.26, 39.41,   0.00, 0.00, 0.00);
CreateObject(19364, -2177.37, -262.27, 39.41,   0.00, 0.00, 0.00);
CreateObject(19364, -2180.52, -262.28, 39.44,   0.00, 0.00, 0.00);
CreateObject(19364, -2183.70, -262.29, 39.41,   0.00, 0.00, 0.00);
CreateObject(19456, -2185.26, -260.72, 39.42,   0.00, 0.00, 90.00);
CreateObject(19364, -2186.87, -262.29, 39.43,   0.00, 0.00, 0.00);
CreateObject(19364, -2158.08, -262.28, 39.46,   0.00, 0.00, 0.00);
CreateObject(19393, -2158.10, -265.48, 39.46,   0.00, 0.00, 0.00);
CreateObject(19364, -2158.09, -268.69, 39.46,   0.00, 0.00, 0.00);
CreateObject(2633, -2156.97, -268.27, 36.09,   0.00, 0.00, 269.92);
CreateObject(2633, -2157.00, -264.13, 36.09,   0.00, 0.00, 269.92);
CreateObject(2633, -2157.01, -259.91, 36.09,   0.00, 0.00, 269.92);
CreateObject(2633, -2158.16, -258.62, 36.09,   0.00, 0.00, 89.93);
CreateObject(19447, -2162.84, -262.56, 37.64,   0.00, 90.00, 90.00);
CreateObject(19447, -2172.47, -262.58, 37.64,   0.00, 90.00, 90.00);
CreateObject(19447, -2182.08, -262.57, 37.64,   0.00, 90.00, 90.00);
CreateObject(19393, -2159.67, -263.79, 39.42,   0.00, 0.00, 90.00);
CreateObject(19393, -2162.94, -263.80, 39.42,   0.00, 0.00, 90.00);
CreateObject(19393, -2166.14, -263.81, 39.42,   0.00, 0.00, 90.00);
CreateObject(19393, -2169.34, -263.82, 39.43,   0.00, 0.00, 90.00);
CreateObject(19393, -2172.55, -263.80, 39.41,   0.00, 0.00, 90.00);
CreateObject(19447, -2162.81, -266.06, 37.64,   0.00, 90.00, 90.00);
CreateObject(19393, -2175.75, -263.81, 39.41,   0.00, 0.00, 90.00);
CreateObject(19393, -2178.95, -263.82, 39.44,   0.00, 0.00, 90.00);
CreateObject(19393, -2182.15, -263.81, 39.44,   0.00, 0.00, 90.00);
CreateObject(19393, -2185.35, -263.80, 39.42,   0.00, 0.00, 90.00);
CreateObject(19447, -2182.09, -266.06, 37.64,   0.00, 90.00, 90.00);
CreateObject(19447, -2172.44, -266.07, 37.64,   0.00, 90.00, 90.00);
CreateObject(19456, -2190.01, -265.47, 39.40,   0.00, 0.00, 0.00);
CreateObject(19364, -2190.03, -271.89, 39.43,   0.00, 0.00, 0.00);
CreateObject(19364, -2186.66, -272.00, 39.40,   0.00, 0.00, 0.00);
CreateObject(19456, -2186.73, -268.62, 39.40,   0.00, 0.00, 0.00);
CreateObject(19447, -2188.33, -265.62, 37.64,   0.00, 90.00, 0.00);
CreateObject(19393, -2185.20, -267.20, 39.41,   0.00, 0.00, 90.00);
CreateObject(19393, -2181.96, -267.18, 39.42,   0.00, 0.00, 90.00);
CreateObject(19364, -2183.60, -268.70, 39.40,   0.00, 0.00, 0.00);
CreateObject(19393, -2178.74, -267.20, 39.43,   0.00, 0.00, 90.00);
CreateObject(19364, -2180.40, -268.71, 39.42,   0.00, 0.00, 0.00);
CreateObject(19364, -2177.20, -268.72, 39.43,   0.00, 0.00, 0.00);
CreateObject(19393, -2175.53, -267.19, 39.43,   0.00, 0.00, 90.00);
CreateObject(19364, -2173.98, -268.72, 39.44,   0.00, 0.00, 0.00);
CreateObject(19393, -2172.37, -267.21, 39.44,   0.00, 0.00, 90.00);
CreateObject(19364, -2170.80, -268.76, 39.43,   0.00, 0.00, 0.00);
CreateObject(19393, -2169.17, -267.20, 39.45,   0.00, 0.00, 90.00);
CreateObject(19393, -2165.99, -267.20, 39.44,   0.00, 0.00, 90.00);
CreateObject(19393, -2162.81, -267.20, 39.43,   0.00, 0.00, 90.00);
CreateObject(19393, -2159.69, -267.20, 39.43,   0.00, 0.00, 90.00);
CreateObject(19364, -2161.22, -268.71, 39.44,   0.00, 0.00, 0.00);
CreateObject(19364, -2164.40, -268.71, 39.44,   0.00, 0.00, 0.00);
CreateObject(19364, -2167.60, -268.75, 39.43,   0.00, 0.00, 0.00);
CreateObject(19302, -2185.18, -267.15, 38.94,   0.00, 0.00, 0.00);
CreateObject(19302, -2182.00, -267.19, 38.92,   0.00, 0.00, 0.00);
CreateObject(19302, -2178.77, -267.15, 35.51,   0.00, 0.00, 0.00);
CreateObject(19302, -2175.53, -267.14, 38.91,   0.00, 0.00, 0.00);
CreateObject(19302, -2172.41, -267.17, 38.93,   0.00, 0.00, 0.00);
CreateObject(19302, -2169.15, -267.17, 38.94,   0.00, 0.00, 0.00);
CreateObject(19302, -2166.01, -267.17, 38.93,   0.00, 0.00, 0.00);
CreateObject(19302, -2162.80, -267.17, 38.92,   0.00, 0.00, 0.00);
CreateObject(19302, -2159.61, -267.15, 38.93,   0.00, 0.00, 0.00);
CreateObject(19302, -2159.72, -263.84, 38.93,   0.00, 0.00, 0.00);
CreateObject(19302, -2162.96, -263.78, 38.92,   0.00, 0.00, 0.00);
CreateObject(19302, -2166.15, -263.86, 38.93,   0.00, 0.00, 0.00);
CreateObject(19302, -2169.35, -263.84, 38.94,   0.00, 0.00, 0.00);
CreateObject(19302, -2172.56, -263.85, 38.93,   0.00, 0.00, 0.00);
CreateObject(19302, -2175.74, -263.84, 38.91,   0.00, 0.00, 0.00);
CreateObject(19302, -2178.91, -263.87, 38.93,   0.00, 0.00, 0.00);
CreateObject(19302, -2182.19, -263.83, 38.92,   0.00, 0.00, 0.00);
CreateObject(19302, -2185.41, -263.85, 38.94,   0.00, 0.00, 0.00);
CreateObject(19447, -2182.03, -268.65, 37.64,   0.00, 90.00, 90.00);
CreateObject(19447, -2172.43, -268.64, 37.64,   0.00, 90.00, 90.00);
CreateObject(19447, -2162.84, -268.65, 37.64,   0.00, 90.00, 90.00);
CreateObject(19410, -2185.22, -270.38, 39.40,   0.00, 0.00, 90.00);
CreateObject(19410, -2182.02, -270.38, 39.40,   0.00, 0.00, 90.00);
CreateObject(19410, -2178.81, -270.38, 39.41,   0.00, 0.00, 90.00);
CreateObject(19410, -2175.60, -270.39, 39.41,   0.00, 0.00, 90.00);
CreateObject(19410, -2172.40, -270.39, 39.41,   0.00, 0.00, 90.00);
CreateObject(19410, -2169.22, -270.40, 39.41,   0.00, 0.00, 90.00);
CreateObject(19410, -2166.02, -270.39, 39.42,   0.00, 0.00, 90.00);
CreateObject(19410, -2162.82, -270.39, 39.41,   0.00, 0.00, 90.00);
CreateObject(19410, -2159.63, -270.38, 39.42,   0.00, 0.00, 90.00);
CreateObject(19304, -2159.95, -270.41, 39.56,   0.00, 0.00, 0.00);
CreateObject(19304, -2162.77, -270.44, 39.56,   0.00, 0.00, 0.00);
CreateObject(19304, -2165.99, -270.43, 39.56,   0.00, 0.00, 0.00);
CreateObject(19304, -2169.25, -270.42, 39.56,   0.00, 0.00, 0.00);
CreateObject(19304, -2172.37, -270.42, 39.56,   0.00, 0.00, 0.00);
CreateObject(19304, -2175.71, -270.43, 39.56,   0.00, 0.00, 0.00);
CreateObject(19304, -2178.73, -270.42, 39.56,   0.00, 0.00, 0.00);
CreateObject(19304, -2181.57, -270.41, 39.56,   0.00, 0.00, 0.00);
CreateObject(19304, -2184.71, -270.41, 39.56,   0.00, 0.00, 0.00);
CreateObject(19410, -2188.40, -273.38, 39.40,   0.00, 0.00, 90.00);
CreateObject(19304, -2188.35, -273.40, 39.56,   0.00, 0.00, 0.00);
CreateObject(19410, -2188.40, -273.38, 35.96,   0.00, 0.00, 90.00);
CreateObject(19304, -2188.35, -273.40, 36.14,   0.00, 0.00, 0.00);
CreateObject(19447, -2164.02, -244.23, 37.64,   0.00, 90.00, 0.00);
CreateObject(2633, -2191.22, -271.31, 36.09,   0.00, 0.00, 89.93);
CreateObject(2633, -2191.22, -267.15, 36.09,   0.00, 0.00, 89.93);
CreateObject(2633, -2191.20, -263.03, 36.09,   0.00, 0.00, 89.93);
CreateObject(2633, -2191.22, -258.88, 36.09,   0.00, 0.00, 89.93);
CreateObject(2633, -2191.21, -254.72, 36.09,   0.00, 0.00, 89.93);
CreateObject(2633, -2191.21, -250.58, 36.09,   0.00, 0.00, 89.93);
CreateObject(2633, -2191.21, -246.40, 36.09,   0.00, 0.00, 89.93);
CreateObject(2633, -2191.22, -242.28, 36.09,   0.00, 0.00, 89.93);
CreateObject(2633, -2191.23, -238.14, 36.09,   0.00, 0.00, 89.93);
CreateObject(2633, -2191.25, -233.97, 36.09,   0.00, 0.00, 89.93);
CreateObject(2633, -2191.21, -229.79, 36.09,   0.00, 0.00, 89.93);
CreateObject(2633, -2191.18, -225.61, 36.09,   0.00, 0.00, 89.93);
CreateObject(2633, -2191.17, -221.44, 36.09,   0.00, 0.00, 89.93);
CreateObject(2633, -2191.18, -217.29, 36.09,   0.00, 0.00, 89.93);
CreateObject(2633, -2191.23, -213.12, 36.09,   0.00, 0.00, 89.93);
CreateObject(2633, -2191.23, -208.97, 36.09,   0.00, 0.00, 89.93);
CreateObject(2633, -2191.23, -206.74, 36.09,   0.00, 0.00, 89.93);
CreateObject(19456, -2190.07, -260.49, 39.39,   0.00, 0.00, 0.00);
CreateObject(19410, -2190.05, -254.11, 39.41,   0.00, 0.00, 0.00);
CreateObject(19304, -2190.01, -254.15, 39.58,   0.00, 0.00, 269.80);
CreateObject(19456, -2190.06, -247.70, 39.40,   0.00, 0.00, 0.00);
CreateObject(19410, -2190.05, -241.30, 39.40,   0.00, 0.00, 0.00);
CreateObject(19456, -2190.05, -234.89, 39.41,   0.00, 0.00, 0.00);
CreateObject(19304, -2190.01, -241.36, 39.57,   0.00, 0.00, 269.80);
CreateObject(19410, -2190.06, -228.50, 39.41,   0.00, 0.00, 0.00);
CreateObject(19304, -2190.01, -228.78, 39.58,   0.00, 0.00, 269.80);
CreateObject(19456, -2190.07, -222.10, 39.41,   0.00, 0.00, 0.00);
CreateObject(19410, -2190.06, -215.70, 39.41,   0.00, 0.00, 0.00);
CreateObject(19304, -2190.05, -215.73, 39.59,   0.00, 0.00, 269.80);
CreateObject(19456, -2190.07, -209.35, 39.40,   0.00, 0.00, 0.00);
CreateObject(19364, -2188.39, -204.61, 39.41,   0.00, 0.00, 90.00);
CreateObject(19364, -2185.19, -204.61, 39.41,   0.00, 0.00, 90.00);
CreateObject(19410, -2182.05, -204.61, 39.40,   0.00, 0.00, 90.00);
CreateObject(19364, -2178.89, -204.61, 39.40,   0.00, 0.00, 90.00);
CreateObject(19364, -2177.38, -206.20, 39.40,   0.00, 0.00, 0.00);
CreateObject(19410, -2177.38, -208.59, 39.41,   0.00, 0.00, 0.00);
CreateObject(19304, -2177.41, -208.79, 39.62,   0.00, 0.00, 269.80);
CreateObject(19364, -2177.37, -211.80, 39.41,   0.00, 0.00, 0.00);
CreateObject(19364, -2177.38, -214.99, 39.41,   0.00, 0.00, 0.00);
CreateObject(19364, -2177.38, -218.17, 35.98,   0.00, 0.00, 0.00);
CreateObject(19456, -2172.62, -223.02, 39.40,   0.00, 0.00, 90.00);
CreateObject(19304, -2182.24, -204.66, 39.58,   0.00, 0.00, 0.00);
CreateObject(19410, -2166.19, -223.02, 39.39,   0.00, 0.00, 90.00);
CreateObject(19304, -2166.67, -223.03, 39.58,   0.00, 0.00, 0.00);
CreateObject(19364, -2163.04, -223.04, 39.39,   0.00, 0.00, 90.00);
CreateObject(19364, -2160.96, -223.03, 39.39,   0.00, 0.00, 90.00);
CreateObject(19437, -2159.41, -223.79, 39.41,   0.00, 0.00, 0.00);
CreateObject(19437, -2159.41, -224.71, 39.42,   0.00, 0.00, 0.00);
CreateObject(19364, -2157.88, -225.60, 39.43,   0.00, 0.00, 90.00);
CreateObject(19364, -2155.20, -225.60, 39.43,   0.00, 0.00, 90.00);
CreateObject(19456, -2149.42, -225.60, 39.42,   0.00, 0.00, 90.00);
CreateObject(19410, -2143.03, -225.60, 39.42,   0.00, 0.00, 90.00);
CreateObject(19364, -2139.83, -225.60, 39.40,   0.00, 0.00, 90.00);
CreateObject(19364, -2138.30, -227.28, 39.39,   0.00, 0.00, 0.00);
CreateObject(19410, -2138.30, -230.48, 39.40,   0.00, 0.00, 0.00);
CreateObject(19456, -2138.29, -236.90, 39.41,   0.00, 0.00, 0.00);
CreateObject(19304, -2138.28, -230.41, 39.52,   0.00, 0.00, 270.72);
CreateObject(19393, -2138.29, -243.29, 39.40,   0.00, 0.00, 0.00);
CreateObject(19364, -2138.29, -246.49, 39.38,   0.00, 0.00, 0.00);
CreateObject(19364, -2138.32, -249.70, 39.37,   0.00, 0.00, 0.00);
CreateObject(19393, -2138.34, -252.90, 39.35,   0.00, 0.00, 0.00);
CreateObject(19456, -2138.34, -259.32, 39.35,   0.00, 0.00, 0.00);
CreateObject(19410, -2138.32, -265.70, 39.36,   0.00, 0.00, 0.00);
CreateObject(19364, -2138.33, -268.87, 39.32,   0.00, 0.00, 0.00);
CreateObject(19364, -2139.85, -270.39, 39.32,   0.00, 0.00, 90.00);
CreateObject(19364, -2141.17, -270.38, 39.32,   0.00, 0.00, 90.00);
CreateObject(19410, -2143.69, -270.38, 39.32,   0.00, 0.00, 90.00);
CreateObject(19456, -2150.09, -270.39, 39.33,   0.00, 0.00, 90.00);
CreateObject(19364, -2156.43, -270.38, 39.33,   0.00, 0.00, 90.00);
CreateObject(19304, -2143.74, -270.43, 39.43,   0.00, 0.00, 0.00);
CreateObject(19304, -2143.21, -225.62, 39.59,   0.00, 0.00, 0.00);
CreateObject(2633, -2137.10, -244.57, 36.09,   0.00, 0.00, 269.92);
CreateObject(2633, -2137.14, -251.64, 36.09,   0.00, 0.00, 269.92);
CreateObject(2633, -2137.10, -248.26, 36.09,   0.00, 0.00, 269.92);
CreateObject(2633, -2137.15, -255.77, 36.09,   0.00, 0.00, 269.92);
CreateObject(2633, -2137.12, -259.90, 36.09,   0.00, 0.00, 269.92);
CreateObject(2633, -2137.12, -262.55, 36.09,   0.00, 0.00, 269.92);
CreateObject(2633, -2137.11, -240.39, 36.09,   0.00, 0.00, 269.92);
CreateObject(2633, -2137.10, -236.27, 36.09,   0.00, 0.00, 269.92);
CreateObject(2633, -2137.09, -232.12, 36.09,   0.00, 0.00, 269.92);
CreateObject(2633, -2137.08, -229.69, 36.09,   0.00, 0.00, 269.92);
CreateObject(19302, -2159.33, -257.34, 38.99,   0.00, 0.00, 89.73);
CreateObject(19447, -2167.46, -244.21, 37.64,   0.00, 90.00, 0.00);
CreateObject(19447, -2170.94, -244.24, 37.64,   0.00, 90.00, 0.00);
CreateObject(19447, -2171.36, -244.26, 37.64,   0.00, 90.00, 0.00);
CreateObject(19447, -2167.04, -234.64, 37.64,   0.00, 90.00, 0.00);
CreateObject(19447, -2170.52, -234.60, 37.64,   0.00, 90.00, 0.00);
CreateObject(19447, -2173.97, -237.32, 37.64,   0.00, 90.00, 0.00);
CreateObject(19447, -2163.56, -231.46, 37.64,   0.00, 90.00, 0.00);
CreateObject(19447, -2161.18, -231.46, 37.64,   0.00, 90.00, 0.00);
CreateObject(19447, -2161.18, -227.88, 37.64,   0.00, 90.00, 0.00);
CreateObject(19447, -2164.67, -227.91, 37.64,   0.00, 90.00, 0.00);
CreateObject(19447, -2168.15, -227.82, 37.64,   0.00, 90.00, 0.00);
CreateObject(19447, -2171.60, -227.88, 37.64,   0.00, 90.00, 0.00);
CreateObject(19447, -2173.94, -227.79, 37.64,   0.00, 90.00, 0.00);
CreateObject(19447, -2177.93, -240.41, 37.64,   0.00, 90.00, 0.00);
CreateObject(19447, -2176.44, -237.37, 37.64,   0.00, 90.00, 0.00);
CreateObject(19447, -2176.44, -227.82, 37.64,   0.00, 90.00, 0.00);
CreateObject(19447, -2179.93, -230.79, 37.64,   0.00, 90.00, 0.00);
CreateObject(19447, -2179.20, -218.24, 37.64,   0.00, 90.00, 0.00);
CreateObject(19447, -2179.90, -221.16, 37.64,   0.00, 90.00, 0.00);
CreateObject(19447, -2179.21, -209.42, 37.64,   0.00, 90.00, 0.00);
CreateObject(19447, -2182.69, -211.56, 37.64,   0.00, 90.00, 0.00);
CreateObject(19447, -2182.72, -209.50, 37.64,   0.00, 90.00, 0.00);
CreateObject(19447, -2181.42, -240.39, 37.64,   0.00, 90.00, 0.00);
CreateObject(19393, -2184.70, -249.56, 39.43,   0.00, 0.00, 0.00);
CreateObject(19447, -2186.46, -246.61, 37.64,   0.00, 90.00, 0.00);
CreateObject(19447, -2188.38, -246.60, 37.64,   0.00, 90.00, 0.00);
CreateObject(19447, -2184.14, -240.40, 37.64,   0.00, 90.00, 0.00);
CreateObject(19447, -2186.85, -230.77, 37.64,   0.00, 90.00, 0.00);
CreateObject(19447, -2183.37, -221.14, 37.64,   0.00, 90.00, 0.00);
CreateObject(19447, -2183.42, -230.77, 37.64,   0.00, 90.00, 0.00);
CreateObject(19447, -2186.86, -221.14, 37.64,   0.00, 90.00, 0.00);
CreateObject(19447, -2186.15, -211.57, 37.64,   0.00, 90.00, 0.00);
CreateObject(19447, -2188.33, -211.58, 37.64,   0.00, 90.00, 0.00);
CreateObject(19447, -2187.64, -237.01, 37.64,   0.00, 90.00, 0.00);
CreateObject(19447, -2188.30, -227.41, 37.64,   0.00, 90.00, 0.00);
CreateObject(19447, -2188.33, -219.97, 37.64,   0.00, 90.00, 0.00);
CreateObject(19447, -2188.24, -237.03, 37.64,   0.00, 90.00, 0.00);
CreateObject(19447, -2186.16, -209.50, 37.64,   0.00, 90.00, 0.00);
CreateObject(19447, -2188.34, -209.48, 37.64,   0.00, 90.00, 0.00);
CreateObject(2633, -2183.13, -251.97, 36.09,   0.00, 0.00, 180.18);
CreateObject(2633, -2187.33, -251.98, 36.09,   0.00, 0.00, 180.18);
CreateObject(2633, -2188.12, -252.01, 36.09,   0.00, 0.00, 180.18);
CreateObject(2633, -2158.19, -254.50, 36.09,   0.00, 0.00, 269.92);
CreateObject(19302, -2184.84, -248.08, 38.99,   0.00, 0.00, 89.73);
CreateObject(19456, -2177.28, -227.87, 35.98,   0.00, 0.00, 0.00);
CreateObject(19456, -2172.55, -232.63, 35.98,   0.00, 0.00, 90.00);
CreateObject(19393, -2166.74, -232.63, 35.98,   0.00, 0.00, 90.00);
CreateObject(19364, -2165.18, -234.79, 35.98,   0.00, 0.00, 0.00);
CreateObject(19364, -2165.18, -234.15, 35.98,   0.00, 0.00, 0.00);
CreateObject(19393, -2162.41, -246.48, 35.98,   0.00, 0.00, 0.00);
CreateObject(19302, -2162.56, -244.99, 35.51,   0.00, 0.00, 89.73);
CreateObject(19364, -2165.22, -234.70, 39.46,   0.00, 0.00, 0.00);
CreateObject(19456, -2170.05, -233.19, 39.46,   0.00, 0.00, 90.00);
CreateObject(19456, -2177.35, -228.43, 39.45,   0.00, 0.00, 0.00);
CreateObject(19456, -2172.62, -233.19, 39.46,   0.00, 0.00, 90.00);
CreateObject(19456, -2177.35, -218.81, 39.45,   0.00, 0.00, 0.00);
CreateObject(19456, -2169.98, -242.22, 39.46,   0.00, 0.00, 90.00);
CreateObject(19364, -2165.22, -240.99, 39.47,   0.00, 0.00, 0.00);
CreateObject(19456, -2182.00, -233.20, 39.46,   0.00, 0.00, 90.00);
CreateObject(19456, -2185.23, -233.20, 39.46,   0.00, 0.00, 90.00);
CreateObject(19456, -2179.82, -242.23, 39.46,   0.00, 0.00, 90.00);
CreateObject(19393, -2184.69, -243.72, 39.43,   0.00, 0.00, 0.00);
CreateObject(19364, -2177.34, -234.73, 39.47,   0.00, 0.00, 0.00);
CreateObject(19393, -2177.33, -237.90, 39.43,   0.00, 0.00, 0.00);
CreateObject(19364, -2177.36, -240.68, 39.47,   0.00, 0.00, 0.00);
CreateObject(19304, -2138.31, -265.78, 39.54,   0.00, 0.00, 270.72);
CreateObject(16327, -2134.25, -224.65, 34.30,   0.00, 0.00, 270.70);
CreateObject(2628, -2110.02, -230.59, 34.30,   0.00, 0.00, 0.00);
CreateObject(2628, -2112.96, -230.62, 34.30,   0.00, 0.00, 0.00);
CreateObject(2628, -2115.95, -230.60, 34.30,   0.00, 0.00, 0.00);
CreateObject(2628, -2119.01, -230.63, 34.30,   0.00, 0.00, 0.00);
CreateObject(1594, -2132.95, -232.48, 34.77,   0.00, 0.00, 0.00);
CreateObject(1594, -2125.88, -234.56, 34.77,   0.00, 0.00, 0.00);
CreateObject(1594, -2128.89, -239.82, 34.77,   0.00, 0.00, 0.00);
CreateObject(12842, -2151.31, -234.53, 34.68,   0.00, 0.00, 0.00);
CreateObject(12842, -2146.41, -234.54, 34.68,   0.00, 0.00, 0.00);
CreateObject(12842, -2151.33, -243.05, 34.68,   0.00, 0.00, 0.00);
CreateObject(12842, -2146.48, -243.05, 34.68,   0.00, 0.00, 0.00);
CreateObject(1842, -2151.29, -269.39, 34.76,   0.00, 0.00, 0.00);
CreateObject(1993, -2150.05, -266.38, 34.30,   0.00, 0.00, 0.00);
CreateObject(1994, -2154.39, -266.37, 34.30,   0.00, 0.00, 0.00);
CreateObject(1995, -2142.27, -266.40, 34.30,   0.00, 0.00, 0.00);
CreateObject(1993, -2149.09, -266.37, 34.30,   0.00, 0.00, 0.00);
CreateObject(1993, -2148.11, -266.38, 34.30,   0.00, 0.00, 0.00);
CreateObject(1993, -2147.13, -266.38, 34.30,   0.00, 0.00, 0.00);
CreateObject(1993, -2146.15, -266.38, 34.30,   0.00, 0.00, 0.00);
CreateObject(1993, -2145.23, -266.39, 34.30,   0.00, 0.00, 0.00);
CreateObject(1842, -2145.63, -269.43, 34.76,   0.00, 0.00, 0.00);
CreateObject(1993, -2144.24, -266.39, 34.30,   0.00, 0.00, 0.00);
CreateObject(1993, -2143.27, -266.39, 34.30,   0.00, 0.00, 0.00);
CreateObject(1993, -2151.03, -266.37, 34.30,   0.00, 0.00, 0.00);
CreateObject(1993, -2152.03, -266.37, 34.30,   0.00, 0.00, 0.00);
CreateObject(1993, -2152.99, -266.37, 34.30,   0.00, 0.00, 0.00);
CreateObject(1993, -2153.63, -266.36, 34.30,   0.00, 0.00, 0.00);
CreateObject(12842, -2146.52, -251.77, 34.68,   0.00, 0.00, 0.00);
CreateObject(12842, -2151.32, -251.76, 34.68,   0.00, 0.00, 0.00);
CreateObject(12842, -2146.49, -260.22, 34.68,   0.00, 0.00, 0.00);
CreateObject(1594, -2151.38, -257.91, 34.77,   0.00, 0.00, 0.00);
CreateObject(1594, -2151.38, -261.76, 34.77,   0.00, 0.00, 0.00);
CreateObject(1594, -2154.24, -260.00, 34.77,   0.00, 0.00, 0.00);
CreateObject(19364, -2176.13, -240.56, 35.91,   0.00, 0.00, 0.00);
CreateObject(19364, -2177.80, -239.04, 35.97,   0.00, 0.00, 90.00);
CreateObject(19364, -2180.99, -239.04, 35.94,   0.00, 0.00, 90.00);
CreateObject(19364, -2182.50, -240.72, 35.96,   0.00, 0.00, 0.00);
CreateObject(19393, -2182.48, -243.90, 35.95,   0.00, 0.00, 0.00);
CreateObject(19437, -2183.23, -243.03, 35.96,   0.00, 0.00, 270.38);
CreateObject(19437, -2183.99, -243.05, 35.95,   0.00, 0.00, 270.38);
CreateObject(2527, -2181.98, -240.59, 34.30,   0.00, 0.00, 0.00);
CreateObject(2527, -2181.09, -240.60, 34.30,   0.00, 0.00, 0.00);
CreateObject(2527, -2180.20, -240.61, 34.30,   0.00, 0.00, 0.00);
CreateObject(2527, -2179.32, -240.60, 34.30,   0.00, 0.00, 0.00);
CreateObject(2527, -2178.44, -240.62, 34.30,   0.00, 0.00, 0.00);
CreateObject(2527, -2177.56, -240.62, 34.30,   0.00, 0.00, 0.00);
CreateObject(2527, -2177.71, -241.85, 34.30,   0.00, 0.00, 270.57);
CreateObject(2527, -2177.71, -242.75, 34.30,   0.00, 0.00, 270.57);
CreateObject(2527, -2177.70, -243.65, 34.30,   0.00, 0.00, 270.57);
CreateObject(2527, -2177.70, -244.55, 34.30,   0.00, 0.00, 270.57);
CreateObject(2602, -2179.43, -244.82, 34.78,   0.00, 0.00, 180.03);
CreateObject(2602, -2180.79, -244.78, 34.78,   0.00, 0.00, 180.03);
CreateObject(19364, -2185.22, -243.02, 35.94,   0.00, 0.00, 90.00);
CreateObject(19393, -2188.39, -243.02, 35.97,   0.00, 0.00, 90.00);
CreateObject(19437, -2183.34, -239.07, 35.97,   0.00, 0.00, 270.38);
CreateObject(19364, -2185.75, -239.07, 35.93,   0.00, 0.00, 90.00);
CreateObject(19393, -2188.37, -239.06, 35.97,   0.00, 0.00, 90.00);
CreateObject(19364, -2184.72, -240.69, 35.93,   0.00, 0.00, 0.00);
CreateObject(19393, -2184.72, -243.90, 35.98,   0.00, 0.00, 0.00);
CreateObject(1999, -2187.10, -240.85, 34.30,   0.00, 0.00, 92.02);
CreateObject(1671, -2186.01, -240.36, 34.72,   0.00, 0.00, 234.42);
CreateObject(19302, -2187.22, -242.89, 35.51,   0.00, 0.00, 0.00);
CreateObject(19302, -2187.20, -238.94, 35.51,   0.00, 0.00, 0.00);
CreateObject(2206, -2181.47, -219.04, 34.20,   0.00, 0.00, 89.81);
CreateObject(2206, -2181.46, -216.34, 34.20,   0.00, 0.00, 89.81);
CreateObject(2206, -2181.49, -221.82, 34.20,   0.00, 0.00, 89.81);
CreateObject(2206, -2180.78, -214.49, 34.20,   0.00, 0.00, 269.91);
CreateObject(19364, -2180.18, -206.27, 35.98,   0.00, 0.00, 0.00);
CreateObject(19364, -2184.54, -206.28, 35.98,   0.00, 0.00, 0.00);
CreateObject(1649, -2182.36, -207.86, 35.88,   0.00, 0.00, 0.00);
CreateObject(2602, -2180.94, -205.07, 34.74,   0.00, 0.00, 0.00);
CreateObject(19437, -2179.32, -207.78, 35.98,   0.00, 0.00, 90.00);
CreateObject(19437, -2178.21, -207.78, 35.98,   0.00, 0.00, 90.00);
CreateObject(19364, -2178.78, -223.19, 35.98,   0.00, 0.00, 90.00);
CreateObject(19364, -2181.98, -223.21, 35.98,   0.00, 0.00, 90.00);
CreateObject(1671, -2182.57, -219.25, 34.73,   0.00, 0.00, 82.89);
CreateObject(1771, -2183.83, -206.02, 34.86,   0.00, 0.00, 0.00);
CreateObject(1649, -2186.77, -207.86, 35.88,   0.00, 0.00, 0.00);
CreateObject(19364, -2188.96, -206.25, 35.98,   0.00, 0.00, 0.00);
CreateObject(1771, -2188.20, -205.99, 34.86,   0.00, 0.00, 0.00);
CreateObject(2602, -2185.72, -205.08, 34.74,   0.00, 0.00, 0.00);
CreateObject(19437, -2189.68, -207.83, 35.98,   0.00, 0.00, 90.00);
CreateObject(1649, -2182.35, -207.78, 35.88,   0.00, 0.00, 180.02);
CreateObject(1649, -2186.79, -207.84, 35.88,   0.00, 0.00, 179.77);
CreateObject(2206, -2180.78, -217.33, 34.20,   0.00, 0.00, 269.91);
CreateObject(2206, -2180.77, -219.94, 34.20,   0.00, 0.00, 269.91);
CreateObject(1671, -2182.60, -221.03, 34.73,   0.00, 0.00, 101.04);
CreateObject(1671, -2182.60, -217.29, 34.73,   0.00, 0.00, 109.95);
CreateObject(1671, -2182.48, -215.36, 34.73,   0.00, 0.00, 82.89);
CreateObject(19364, -2181.85, -213.31, 35.98,   0.00, 0.00, 90.00);
CreateObject(19393, -2179.06, -213.30, 35.98,   0.00, 0.00, 90.00);
CreateObject(19456, -2183.51, -218.48, 35.98,   0.00, 0.00, 0.00);
CreateObject(2612, -2183.37, -216.81, 36.10,   0.00, 0.00, 89.98);
CreateObject(2611, -2183.32, -220.51, 35.90,   0.00, 0.00, 90.00);
CreateObject(19364, -2183.52, -214.82, 35.98,   0.00, 0.00, 0.00);
CreateObject(14401, -2188.22, -211.68, 34.30,   0.00, 0.00, 0.00);
CreateObject(2616, -2177.51, -211.28, 35.66,   0.00, 0.00, 269.84);
CreateObject(2604, -2185.42, -216.02, 35.07,   0.00, 0.00, 0.00);
CreateObject(19364, -2185.21, -223.21, 35.98,   0.00, 0.00, 90.00);
CreateObject(19364, -2186.73, -221.70, 35.98,   0.00, 0.00, 0.00);
CreateObject(19364, -2185.06, -220.18, 35.98,   0.00, 0.00, 90.00);
CreateObject(2612, -2185.22, -220.05, 36.10,   0.00, 0.00, 179.89);
CreateObject(2145, -2183.03, -213.03, 34.30,   0.00, 0.00, 180.51);
CreateObject(2145, -2182.33, -213.02, 34.30,   0.00, 0.00, 180.51);
CreateObject(2145, -2181.64, -213.00, 34.30,   0.00, 0.00, 180.51);
CreateObject(2145, -2180.94, -213.01, 34.30,   0.00, 0.00, 180.51);
CreateObject(1502, -2179.86, -213.31, 34.30,   0.00, 0.00, 0.00);
CreateObject(1502, -2177.37, -215.76, 34.30,   0.00, 0.00, 89.70);
CreateObject(1502, -2177.35, -222.11, 34.30,   0.00, 0.00, 89.70);
CreateObject(19437, -2184.46, -204.62, 35.98,   0.00, 0.00, 90.00);
CreateObject(19410, -2186.12, -204.58, 35.98,   0.00, 0.00, 90.00);
CreateObject(19304, -2186.37, -204.55, 36.19,   0.00, 0.00, 0.00);
CreateObject(1647, -2184.58, -262.22, 38.32,   0.00, 0.00, 0.00);
CreateObject(1771, -2184.46, -262.15, 38.33,   0.00, 0.00, 0.00);
CreateObject(1771, -2183.01, -262.11, 38.33,   0.00, 0.00, 0.00);
CreateObject(1771, -2178.10, -262.11, 38.33,   0.00, 0.00, 0.00);
CreateObject(1771, -2176.77, -262.13, 38.33,   0.00, 0.00, 0.00);
CreateObject(1771, -2173.33, -262.11, 38.33,   0.00, 0.00, 0.00);
CreateObject(1771, -2168.41, -262.10, 38.33,   0.00, 0.00, 0.00);
CreateObject(1771, -2167.02, -262.10, 38.33,   0.00, 0.00, 0.00);
CreateObject(1771, -2162.01, -262.16, 38.33,   0.00, 0.00, 0.00);
CreateObject(1771, -2160.53, -262.10, 38.33,   0.00, 0.00, 0.00);
CreateObject(1771, -2158.85, -269.01, 38.33,   0.00, 0.00, 0.00);
CreateObject(1771, -2163.69, -268.99, 38.33,   0.00, 0.00, 0.00);
CreateObject(1771, -2165.16, -269.01, 38.33,   0.00, 0.00, 0.00);
CreateObject(1771, -2170.08, -269.05, 38.33,   0.00, 0.00, 0.00);
CreateObject(1771, -2171.52, -268.99, 38.33,   0.00, 0.00, 0.00);
CreateObject(1771, -2174.64, -268.95, 38.33,   0.00, 0.00, 0.00);
CreateObject(1771, -2179.72, -268.98, 38.33,   0.00, 0.00, 0.00);
CreateObject(1771, -2181.27, -269.00, 38.33,   0.00, 0.00, 0.00);
CreateObject(1771, -2184.31, -269.00, 38.33,   0.00, 0.00, 0.00);
CreateObject(1647, -2168.45, -262.15, 38.32,   0.00, 0.00, 0.00);
CreateObject(1647, -2179.52, -269.05, 38.32,   0.00, 0.00, 0.00);
CreateObject(1647, -2178.27, -262.17, 38.32,   0.00, 0.00, 0.00);
CreateObject(1647, -2181.43, -268.98, 38.32,   0.00, 0.00, 0.00);
CreateObject(1647, -2184.52, -269.02, 38.32,   0.00, 0.00, 0.00);
CreateObject(1647, -2182.86, -262.04, 38.32,   0.00, 0.00, 0.00);
CreateObject(1647, -2168.51, -262.18, 38.32,   0.00, 0.00, 0.00);
CreateObject(1647, -2171.33, -269.09, 38.32,   0.00, 0.00, 0.00);
CreateObject(1647, -2173.24, -262.12, 38.32,   0.00, 0.00, 0.00);
CreateObject(1647, -2174.67, -268.98, 38.32,   0.00, 0.00, 0.00);
CreateObject(1647, -2165.16, -269.00, 38.32,   0.00, 0.00, 0.00);
CreateObject(1647, -2159.01, -268.94, 38.32,   0.00, 0.00, 0.00);
CreateObject(1647, -2160.77, -262.17, 38.32,   0.00, 0.00, 0.00);
CreateObject(1647, -2162.01, -262.27, 38.32,   0.00, 0.00, 0.00);
CreateObject(1647, -2166.87, -262.30, 38.32,   0.00, 0.00, 0.00);
CreateObject(1647, -2167.35, -259.90, 38.34,   0.00, 0.00, 268.51);
CreateObject(1771, -2167.29, -259.95, 38.33,   0.00, 0.00, 268.90);
CreateObject(1647, -2160.83, -259.99, 38.32,   0.00, 0.00, 268.51);
CreateObject(1647, -2173.41, -259.83, 38.32,   0.00, 0.00, 268.51);
CreateObject(1647, -2179.94, -260.04, 38.32,   0.00, 0.00, 268.51);
CreateObject(1771, -2160.78, -260.00, 38.33,   0.00, 0.00, 270.09);
CreateObject(1771, -2160.78, -260.00, 39.40,   0.00, 0.00, 270.09);
CreateObject(1647, -2160.73, -260.04, 39.40,   0.00, 0.00, 268.51);
CreateObject(1771, -2167.29, -259.95, 39.41,   0.00, 0.00, 268.90);
CreateObject(1647, -2167.19, -260.02, 39.44,   0.00, 0.00, 268.51);
CreateObject(1771, -2173.55, -259.96, 38.33,   0.00, 0.00, 268.90);
CreateObject(1771, -2173.55, -259.96, 39.33,   0.00, 0.00, 268.90);
CreateObject(1647, -2173.53, -259.86, 39.35,   0.00, 0.00, 268.51);
CreateObject(1771, -2179.92, -260.09, 38.33,   0.00, 0.00, 268.90);
CreateObject(1771, -2179.92, -260.09, 39.38,   0.00, 0.00, 268.90);
CreateObject(1647, -2179.91, -259.99, 39.41,   0.00, 0.00, 268.51);
CreateObject(2518, -2182.24, -269.81, 37.71,   0.00, 0.00, 180.03);
CreateObject(2518, -2185.49, -269.82, 37.71,   0.00, 0.00, 180.03);
CreateObject(2518, -2175.72, -269.84, 37.71,   0.00, 0.00, 180.03);
CreateObject(2518, -2177.74, -269.84, 37.71,   0.00, 0.00, 180.03);
CreateObject(2518, -2172.62, -269.83, 37.71,   0.00, 0.00, 180.03);
CreateObject(2518, -2168.00, -269.80, 37.71,   0.00, 0.00, 180.03);
CreateObject(2518, -2166.26, -269.86, 37.71,   0.00, 0.00, 180.03);
CreateObject(2518, -2161.39, -269.84, 37.71,   0.00, 0.00, 180.03);
CreateObject(2518, -2159.73, -269.85, 37.71,   0.00, 0.00, 180.03);
CreateObject(2518, -2164.00, -261.28, 37.83,   0.00, 0.00, 0.00);
CreateObject(2518, -2159.55, -261.28, 37.83,   0.00, 0.00, 0.00);
CreateObject(2518, -2166.20, -261.29, 37.83,   0.00, 0.00, 0.00);
CreateObject(2518, -2170.34, -261.27, 37.83,   0.00, 0.00, 0.00);
CreateObject(2518, -2172.30, -261.23, 37.83,   0.00, 0.00, 0.00);
CreateObject(2518, -2175.66, -261.28, 37.83,   0.00, 0.00, 0.00);
CreateObject(2518, -2180.01, -261.27, 37.83,   0.00, 0.00, 0.00);
CreateObject(2518, -2181.97, -261.26, 37.83,   0.00, 0.00, 0.00);
CreateObject(2518, -2186.59, -261.29, 37.83,   0.00, 0.00, 0.00);
CreateObject(2518, -2182.64, -260.11, 37.71,   0.00, 0.00, 180.03);
CreateObject(2518, -2175.92, -260.18, 37.71,   0.00, 0.00, 180.03);
CreateObject(2518, -2169.84, -260.18, 37.71,   0.00, 0.00, 180.03);
CreateObject(2518, -2163.46, -260.14, 37.71,   0.00, 0.00, 180.03);
CreateObject(2514, -2163.72, -258.09, 37.73,   0.00, 0.00, 0.00);
CreateObject(2514, -2170.58, -258.10, 37.73,   0.00, 0.00, 0.00);
CreateObject(2514, -2176.48, -258.08, 37.73,   0.00, 0.00, 0.00);
CreateObject(2514, -2183.20, -258.05, 37.73,   0.00, 0.00, 0.00);
CreateObject(11631, -2166.02, -239.88, 38.96,   0.00, 0.00, 270.01);
CreateObject(1998, -2170.27, -241.75, 37.73,   0.00, 0.00, 0.00);
CreateObject(1998, -2174.15, -241.77, 37.73,   0.00, 0.00, 0.00);
CreateObject(1998, -2174.13, -239.80, 37.73,   0.00, 0.00, 0.00);
CreateObject(1998, -2170.27, -239.80, 37.73,   0.00, 0.00, 0.00);
CreateObject(1671, -2173.24, -241.61, 38.17,   0.00, 0.00, 160.14);
CreateObject(1671, -2173.15, -239.68, 38.17,   0.00, 0.00, 197.36);
CreateObject(1671, -2169.42, -241.44, 38.17,   0.00, 0.00, 197.36);
CreateObject(1671, -2169.48, -239.77, 38.17,   0.00, 0.00, 142.55);
CreateObject(2616, -2172.97, -233.33, 39.23,   0.00, 0.00, 0.00);
CreateObject(2616, -2171.07, -233.32, 39.23,   0.00, 0.00, 0.00);
CreateObject(2612, -2167.49, -233.33, 39.31,   0.00, 0.00, 0.00);
CreateObject(2611, -2165.37, -236.94, 39.27,   0.00, 0.00, 269.99);
CreateObject(11631, -2176.59, -235.61, 38.96,   0.00, 0.00, 88.99);
CreateObject(1998, -2170.23, -237.85, 37.73,   0.00, 0.00, 0.00);
CreateObject(1502, -2177.29, -238.67, 37.73,   0.00, 0.00, 89.67);
CreateObject(1502, -2184.67, -244.47, 37.73,   0.00, 0.00, 89.67);
CreateObject(19456, -2182.17, -236.37, 39.46,   0.00, 0.00, 90.00);
CreateObject(19456, -2185.22, -236.37, 39.46,   0.00, 0.00, 90.00);
CreateObject(1299, -2178.48, -244.11, 38.10,   0.00, 0.00, 0.00);
CreateObject(1299, -2180.65, -244.79, 38.10,   0.00, 0.00, 0.00);
CreateObject(1778, -2181.22, -243.52, 37.73,   0.00, 0.00, 0.00);
CreateObject(1778, -2182.90, -242.52, 37.73,   0.00, 0.00, 77.51);
CreateObject(947, -2113.98, -250.40, 36.47,   0.00, 0.00, 0.00);
CreateObject(2114, -2113.76, -241.90, 34.49,   0.00, 0.00, 0.00);
CreateObject(2114, -2117.44, -246.67, 34.49,   0.00, 0.00, 0.00);
CreateObject(19364, -2136.62, -245.93, 33.79,   0.00, 0.00, 90.00);
CreateObject(19364, -2135.19, -245.92, 33.79,   0.00, 0.00, 90.00);
CreateObject(19364, -2136.66, -250.06, 33.79,   0.00, 0.00, 90.00);
CreateObject(19364, -2135.18, -250.07, 33.79,   0.00, 0.00, 90.00);
CreateObject(19364, -2133.65, -248.54, 33.79,   0.00, 0.00, 0.00);
CreateObject(19364, -2133.65, -247.45, 33.79,   0.00, 0.00, 0.00);
CreateObject(16327, -2135.12, -248.58, 23.08,   0.00, 0.00, 0.00);
CreateObject(16327, -2135.12, -247.19, 23.08,   0.00, 0.00, 0.00);
CreateObject(16327, -2136.98, -247.25, 23.15,   0.00, 0.00, 0.00);
CreateObject(16327, -2136.99, -248.45, 23.15,   0.00, 0.00, 0.00);
CreateObject(16327, -2134.27, -247.99, 27.60,   0.00, 0.00, 0.00);
CreateObject(19447, -2179.21, -209.42, 41.14,   0.00, 90.00, 0.00);
CreateObject(19447, -2182.71, -209.42, 41.18,   0.00, 90.00, 0.00);
CreateObject(19447, -2186.18, -209.42, 41.18,   0.00, 90.00, 0.00);
CreateObject(19447, -2188.36, -209.42, 41.18,   0.00, 90.00, 0.00);
CreateObject(19447, -2188.36, -219.05, 41.18,   0.00, 90.00, 0.00);
CreateObject(19447, -2188.36, -228.61, 41.18,   0.00, 90.00, 0.00);
CreateObject(19447, -2188.36, -238.22, 41.18,   0.00, 90.00, 0.00);
CreateObject(19447, -2184.87, -219.03, 41.18,   0.00, 90.00, 0.00);
CreateObject(19447, -2181.40, -219.02, 41.18,   0.00, 90.00, 0.00);
CreateObject(19447, -2179.11, -219.01, 41.18,   0.00, 90.00, 0.00);
CreateObject(19447, -2179.11, -228.63, 41.18,   0.00, 90.00, 0.00);
CreateObject(19447, -2182.52, -228.64, 41.18,   0.00, 90.00, 0.00);
CreateObject(19447, -2185.66, -228.64, 41.18,   0.00, 90.00, 0.00);
CreateObject(19447, -2184.89, -238.21, 41.18,   0.00, 90.00, 0.00);
CreateObject(19447, -2181.44, -238.21, 41.18,   0.00, 90.00, 0.00);
CreateObject(19447, -2178.08, -237.98, 41.18,   0.00, 90.00, 0.00);
CreateObject(19447, -2174.58, -237.97, 41.18,   0.00, 90.00, 0.00);
CreateObject(19447, -2171.11, -237.94, 41.18,   0.00, 90.00, 0.00);
CreateObject(19447, -2167.62, -237.95, 41.18,   0.00, 90.00, 0.00);
CreateObject(19447, -2164.14, -237.96, 41.18,   0.00, 90.00, 0.00);
CreateObject(19447, -2161.15, -237.99, 41.18,   0.00, 90.00, 0.00);
CreateObject(19447, -2188.39, -247.53, 41.18,   0.00, 90.00, 0.00);
CreateObject(19447, -2172.69, -224.74, 41.18,   0.00, 90.00, 269.88);
CreateObject(19447, -2164.21, -224.74, 41.18,   0.00, 90.00, 269.88);
CreateObject(19447, -2164.21, -228.24, 41.18,   0.00, 90.00, 269.88);
CreateObject(19447, -2172.60, -228.18, 41.18,   0.00, 90.00, 269.88);
CreateObject(19447, -2172.59, -231.60, 41.18,   0.00, 90.00, 269.88);
CreateObject(19447, -2164.21, -231.72, 41.18,   0.00, 90.00, 269.88);
CreateObject(19447, -2184.82, -247.50, 41.18,   0.00, 90.00, 0.00);
CreateObject(19447, -2181.38, -247.47, 41.18,   0.00, 90.00, 0.00);
CreateObject(19447, -2177.92, -247.46, 41.18,   0.00, 90.00, 0.00);
CreateObject(19447, -2174.56, -247.45, 41.18,   0.00, 90.00, 0.00);
CreateObject(19447, -2171.17, -247.48, 41.18,   0.00, 90.00, 0.00);
CreateObject(19447, -2167.74, -247.46, 41.18,   0.00, 90.00, 0.00);
CreateObject(19447, -2164.26, -247.42, 41.18,   0.00, 90.00, 0.00);
CreateObject(19447, -2161.16, -247.40, 41.18,   0.00, 90.00, 0.00);
CreateObject(19447, -2161.13, -256.99, 41.18,   0.00, 90.00, 0.00);
CreateObject(19447, -2164.52, -256.99, 41.18,   0.00, 90.00, 0.00);
CreateObject(19447, -2167.94, -256.97, 41.18,   0.00, 90.00, 0.00);
CreateObject(19447, -2171.34, -256.98, 41.18,   0.00, 90.00, 0.00);
CreateObject(19447, -2174.72, -256.96, 41.18,   0.00, 90.00, 0.00);
CreateObject(19447, -2178.14, -256.95, 41.18,   0.00, 90.00, 0.00);
CreateObject(19447, -2181.56, -256.92, 41.18,   0.00, 90.00, 0.00);
CreateObject(19447, -2184.97, -256.91, 41.18,   0.00, 90.00, 0.00);
CreateObject(19447, -2188.35, -256.91, 41.18,   0.00, 90.00, 0.00);
CreateObject(19447, -2188.34, -266.52, 41.18,   0.00, 90.00, 0.00);
CreateObject(19447, -2184.93, -265.62, 41.18,   0.00, 90.00, 0.00);
CreateObject(19447, -2181.50, -265.61, 41.18,   0.00, 90.00, 0.00);
CreateObject(19447, -2178.03, -265.60, 41.18,   0.00, 90.00, 0.00);
CreateObject(19447, -2174.57, -265.61, 41.18,   0.00, 90.00, 0.00);
CreateObject(19447, -2171.06, -265.58, 41.18,   0.00, 90.00, 0.00);
CreateObject(19447, -2167.63, -265.60, 41.18,   0.00, 90.00, 0.00);
CreateObject(19447, -2164.17, -265.61, 41.18,   0.00, 90.00, 0.00);
CreateObject(19447, -2160.72, -265.61, 41.18,   0.00, 90.00, 0.00);
CreateObject(19447, -2157.21, -265.60, 41.18,   0.00, 90.00, 0.00);
CreateObject(19447, -2153.72, -265.60, 41.18,   0.00, 90.00, 0.00);
CreateObject(19447, -2150.25, -265.62, 41.18,   0.00, 90.00, 0.00);
CreateObject(19447, -2146.84, -265.62, 41.18,   0.00, 90.00, 0.00);
CreateObject(19447, -2143.39, -265.62, 41.18,   0.00, 90.00, 0.00);
CreateObject(19447, -2140.07, -265.59, 41.18,   0.00, 90.00, 0.00);
CreateObject(19447, -2188.36, -268.70, 41.18,   0.00, 90.00, 0.00);
CreateObject(19447, -2157.68, -256.00, 41.18,   0.00, 90.00, 0.00);
CreateObject(19447, -2154.21, -256.02, 41.18,   0.00, 90.00, 0.00);
CreateObject(19447, -2150.75, -256.02, 41.18,   0.00, 90.00, 0.00);
CreateObject(19447, -2147.31, -256.03, 41.18,   0.00, 90.00, 0.00);
CreateObject(19447, -2143.83, -256.05, 41.18,   0.00, 90.00, 0.00);
CreateObject(19447, -2141.07, -256.04, 41.18,   0.00, 90.00, 0.00);
CreateObject(19447, -2140.09, -256.08, 41.18,   0.00, 90.00, 0.00);
CreateObject(19447, -2140.06, -246.42, 41.18,   0.00, 90.00, 0.00);
CreateObject(19447, -2143.54, -246.40, 41.18,   0.00, 90.00, 0.00);
CreateObject(19447, -2147.04, -246.42, 41.18,   0.00, 90.00, 0.00);
CreateObject(19447, -2150.50, -246.38, 41.18,   0.00, 90.00, 0.00);
CreateObject(19447, -2153.94, -246.37, 41.18,   0.00, 90.00, 0.00);
CreateObject(19447, -2157.40, -246.38, 41.18,   0.00, 90.00, 0.00);
CreateObject(19447, -2160.74, -246.41, 41.18,   0.00, 90.00, 0.00);
CreateObject(19447, -2157.65, -236.86, 41.18,   0.00, 90.00, 0.00);
CreateObject(19447, -2154.20, -236.90, 41.18,   0.00, 90.00, 0.00);
CreateObject(19447, -2150.75, -236.92, 41.18,   0.00, 90.00, 0.00);
CreateObject(19447, -2147.26, -236.93, 41.18,   0.00, 90.00, 0.00);
CreateObject(19447, -2143.76, -236.95, 41.18,   0.00, 90.00, 0.00);
CreateObject(19447, -2140.31, -236.84, 41.18,   0.00, 90.00, 0.00);
CreateObject(19447, -2140.05, -236.84, 41.18,   0.00, 90.00, 0.00);
CreateObject(19447, -2140.06, -230.40, 41.18,   0.00, 90.00, 0.00);
CreateObject(19447, -2143.51, -230.39, 41.18,   0.00, 90.00, 0.00);
CreateObject(19447, -2146.98, -230.39, 41.18,   0.00, 90.00, 0.00);
CreateObject(19447, -2150.42, -230.41, 41.18,   0.00, 90.00, 0.00);
CreateObject(19447, -2153.84, -230.40, 41.18,   0.00, 90.00, 0.00);
CreateObject(19447, -2157.30, -230.37, 41.18,   0.00, 90.00, 0.00);
CreateObject(19447, -2160.77, -230.38, 41.18,   0.00, 90.00, 0.00);
CreateObject(1502, -2165.49, -223.01, 34.30,   0.00, 0.00, 180.22);
CreateObject(1502, -2165.99, -232.62, 34.30,   0.00, 0.00, 180.22);
CreateObject(19410, -2165.38, -224.68, 35.98,   0.00, 0.00, 0.00);
CreateObject(19410, -2165.37, -227.87, 35.98,   0.00, 0.00, 0.00);
CreateObject(19393, -2165.36, -231.00, 35.98,   0.00, 0.00, 0.00);
CreateObject(1502, -2165.43, -230.20, 34.30,   0.00, 0.00, 270.16);
CreateObject(1649, -2165.45, -228.04, 35.28,   0.00, 0.00, 270.05);
CreateObject(1649, -2165.39, -225.30, 35.28,   0.00, 0.00, 270.05);
CreateObject(1649, -2165.39, -225.30, 35.28,   0.00, 0.00, 90.01);
CreateObject(1649, -2165.45, -228.04, 35.28,   0.00, 0.00, 90.40);
CreateObject(1721, -2162.92, -227.70, 34.30,   0.00, 0.00, 0.00);
CreateObject(1721, -2161.97, -227.62, 34.30,   0.00, 0.00, 0.00);
CreateObject(1721, -2162.31, -224.90, 34.30,   0.00, 0.00, 180.58);
CreateObject(2637, -2162.31, -226.23, 34.67,   0.00, 0.00, 0.00);
CreateObject(19364, -2163.56, -232.64, 35.98,   0.00, 0.00, 90.00);
CreateObject(19364, -2160.79, -232.64, 35.98,   0.00, 0.00, 90.00);
CreateObject(18880, -2159.69, -231.67, 30.87,   0.00, 0.00, 203.75);
CreateObject(2059, -2161.96, -226.24, 35.09,   0.00, 0.00, 0.00);
CreateObject(19393, -2171.11, -224.62, 35.98,   0.00, 0.00, 0.00);
CreateObject(19410, -2171.11, -227.78, 35.98,   0.00, 0.00, 0.00);
CreateObject(19410, -2171.09, -230.97, 35.98,   0.00, 0.00, 0.00);
CreateObject(1649, -2171.05, -227.76, 35.28,   0.00, 0.00, 90.01);
CreateObject(1649, -2171.08, -229.91, 35.28,   0.00, 0.00, 90.01);
CreateObject(1502, -2171.15, -223.84, 34.30,   0.00, 0.00, 270.16);
CreateObject(3034, -2171.17, -228.63, 36.04,   0.00, 0.00, 270.30);
CreateObject(3034, -2171.16, -230.43, 36.04,   0.00, 0.00, 270.30);
CreateObject(3034, -2165.35, -227.00, 36.17,   0.00, 0.00, 89.97);
CreateObject(3034, -2165.34, -225.15, 36.17,   0.00, 0.00, 89.97);
CreateObject(2637, -2173.84, -229.31, 34.67,   0.00, 0.00, 0.00);
CreateObject(1721, -2174.22, -230.59, 34.30,   0.00, 0.00, 0.00);
CreateObject(1721, -2173.11, -228.10, 34.30,   0.00, 0.00, 176.83);
CreateObject(2059, -2174.30, -229.31, 35.09,   0.00, 0.00, 0.00);
CreateObject(18880, -2176.91, -224.32, 30.87,   0.00, 0.00, 19.43);
CreateObject(1721, -2173.99, -228.04, 34.30,   0.00, 0.00, 188.09);
CreateObject(2059, -2173.56, -229.25, 35.09,   0.00, 0.00, 313.52);
CreateObject(19393, -2188.39, -223.21, 35.97,   0.00, 0.00, 90.00);
CreateObject(19302, -2187.04, -223.32, 35.51,   0.00, 0.00, 0.00);
CreateObject(19393, -2169.62, -234.27, 35.98,   0.00, 0.00, 0.00);
CreateObject(19364, -2168.10, -235.80, 35.98,   0.00, 0.00, 90.00);
CreateObject(19302, -2169.73, -235.59, 35.51,   0.00, 0.00, 89.73);
CreateObject(19364, -2166.81, -235.80, 35.98,   0.00, 0.00, 90.00);
CreateObject(3265, -2169.68, -233.15, 33.86,   0.00, 0.00, 267.39);
CreateObject(3265, -2189.56, -223.26, 33.81,   0.00, 0.00, 0.00);
CreateObject(3265, -2189.59, -243.07, 33.89,   0.00, 0.00, 0.00);
CreateObject(3265, -2189.61, -239.12, 33.89,   0.00, 0.00, 0.00);
CreateObject(969, -2126.80, -81.16, 34.50,   0.00, 0.00, 0.00);
CreateObject(969, -2135.84, -81.14, 34.48,   0.00, 0.00, 0.00);
CreateObject(11091, -2135.89, -188.92, 36.13,   0.00, 0.00, 0.00);
CreateObject(11091, -2119.21, -188.90, 36.13,   0.00, 0.00, 0.00);
CreateObject(2186, -2184.21, -218.46, 34.30,   0.00, 0.00, 270.46);
